2.9816513761467887
0.55
1.278688524590164
1.6987951807228918
1.1666666666666667
1.9852941176470589
2.0
0.6521739130434783
1.368421052631579
2.5185185185185186
0.6923076923076923
1.4153846153846155
3.0666666666666664
0.0
0.5882352941176471
0.6428571428571429
1.2467532467532467
1.96875
2.5945945945945947
0.6086956521739131
1.828125
3.4821428571428577
0.75
1.0819672131147542
1.6800000000000002
1.7999999999999998
2.925531914893617
1.6987951807228918
0.5238095238095238
2.8571428571428568
1.878787878787879
0.0
0.6176470588235294
1.1948051948051948
1.3770491803278688
1.3650793650793651
1.708860759493671
1.7999999999999998
1.3650793650793651
1.3972602739726028
1.2705882352941176
2.4329896907216493
1.5
0.0
0.625
2.164705882352941
2.1971830985915495
0.5909090909090909
1.87012987012987
0.75
1.9615384615384617
2.682926829268293
2.0149253731343286
0.0
0.0
3.064516129032258
1.2363636363636363
1.5357142857142858
2.4578313253012047
1.2881355932203389
0.0
0.0
0.0
0.0
0.0
0.0
0.0
0.0
0.0
0.0
0.0
0.0
0.0
0.0
0.0
0.0
0.0
0.0
0.0
0.0
0.0
0.0
0.0
0.0
0.0
0.0
0.0
0.0
0.0
0.0
3.269230769230769
0.6774193548387096
1.1830985915492958
0.0
2.3181818181818183
0.5357142857142857
0.7377049180327869
0.0
0.6
1.3333333333333333
2.4324324324324325
3.0
2.1772151898734178
0.6857142857142857
2.327272727272727
2.4705882352941178
3.310810810810811
3.4772727272727275
2.1052631578947367
1.8433734939759034
2.9357798165137616
3.125
2.987012987012987
0.0
0.6428571428571429
2.3333333333333335
1.278688524590164
4.0
1.0588235294117647
2.271604938271605
2.9444444444444446
0.0
2.8095238095238093
2.4324324324324325
3.5689655172413794
2.0416666666666665
2.5945945945945947
2.1702127659574466
2.0
1.6875
3.4177215189873418
0.5357142857142857
1.9384615384615387
3.2413793103448274
0.5333333333333333
1.2808988764044944
2.260869565217391
1.4848484848484849
1.6333333333333333
1.5194805194805192
2.35
3.428571428571429
1.8399999999999999
1.7272727272727275
0.7142857142857143
0.0
3.0275229357798166
3.118811881188119
3.287671232876712
2.4761904761904763
0.0
0.6545454545454545
1.7766990291262135
2.191780821917808
1.8640776699029125
0.6933333333333334
0.5915492957746479
3.833333333333333
1.7019230769230769
2.772727272727273
1.2058823529411764
3.0666666666666664
0.625
0.0
1.2647058823529411
1.2162162162162162
1.9014084507042255
1.2380952380952381
2.9816513761467887
3.3146067415730336
3.802816901408451
1.0
1.7790697674418605
0.0
2.6865671641791047
2.30188679245283
2.157303370786517
2.5128205128205128
0.5660377358490566
1.9342105263157894
0.0
0.6730769230769231
3.082191780821918
1.278688524590164
2.535211267605634
2.380952380952381
1.1884057971014492
1.3846153846153846
2.318840579710145
2.6153846153846154
1.267605633802817
0.0
1.0714285714285714
2.4864864864864864
1.3220338983050848
0.0
1.4444444444444444
0.6461538461538462
2.611111111111111
3.037974683544304
2.922077922077922
2.4
1.3448275862068966
2.025974025974026
0.7627118644067796
0.7027027027027027
2.8313253012048194
2.4864864864864864
2.9213483146067416
4.143897996357013
0.5535714285714286
1.1785714285714286
0.6981132075471698
1.04
1.8068181818181819
0.6774193548387096
1.5
1.6296296296296295
0.6610169491525424
0.5454545454545454
2.897727272727273
4.81651376146789
0.5806451612903226
2.3376623376623376
1.3235294117647058
4.191780821917808
2.980769230769231
2.453333333333333
0.0
1.2098765432098766
2.160919540229885
1.741935483870968
0.6666666666666666
1.819672131147541
2.5454545454545454
1.6875
0.6724137931034483
2.2337662337662336
0.0
0.6
2.350515463917526
1.9852941176470589
1.2307692307692308
0.6060606060606061
2.4583333333333335
1.3125
0.6617647058823529
2.4175824175824174
1.8157894736842106
2.409090909090909
3.130841121495327
0.5084745762711864
0.6271186440677966
1.772727272727273
3.0
2.453333333333333
2.3661971830985915
1.8396226415094339
2.4158415841584158
2.5454545454545454
2.130434782608696
1.6818181818181817
2.888888888888889
1.9384615384615387
2.3209876543209877
0.0
2.7570093457943923
1.25
2.564102564102564
3.2666666666666666
1.2820512820512822
0.6323529411764706
3.333333333333333
1.8695652173913042
2.3137254901960786
1.2857142857142858
4.207792207792208
2.4
1.9883720930232558
2.5822784810126582
1.2307692307692308
1.1940298507462686
1.7560975609756095
3.125
1.8695652173913042
4.666666666666666
1.125
2.161764705882353
1.3770491803278688
0.6451612903225806
1.6956521739130435
0.6521739130434783
3.141025641025641
1.7938144329896906
1.2835820895522387
0.0
2.350515463917526
0.625
2.2051282051282053
0.6865671641791045
0.0
1.625
0.6379310344827587
0.7377049180327869
1.875
3.108108108108108
1.4153846153846155
3.2386363636363633
1.1076923076923078
1.095890410958904
1.2285714285714286
3.0714285714285716
3.3473684210526313
1.8399999999999999
2.020618556701031
2.4571428571428573
0.6166666666666667
1.2894736842105263
1.1428571428571428
1.7142857142857142
0.6712328767123288
2.804878048780488
1.1666666666666667
2.1728395061728394
2.833333333333333
0.640625
0.6166666666666667
1.4736842105263157
1.34375
2.56
0.0
0.0
0.0
0.0
0.0
0.0
0.0
0.0
0.0
0.0
0.0
0.0
0.0
0.0
0.0
0.0
0.0
0.0
0.0
0.0
0.0
0.0
0.0
0.0
0.0
0.0
0.0
0.0
0.0
0.0
0.0
0.0
0.0
0.0
0.0
0.0
0.0
0.0
0.0
0.0
0.0
0.0
0.0
0.0
0.0
0.0
0.0
0.0
0.0
0.0
0.0
0.0
0.0
0.0
0.0
0.0
0.0
0.0
0.0
0.0
1.4333333333333333
1.4545454545454546
2.4864864864864864
2.8493150684931505
2.5454545454545454
0.5818181818181818
0.0
2.5
0.6229508196721312
0.5245901639344263
1.4
1.9626168224299065
1.2463768115942029
1.3114754098360655
2.1666666666666665
0.703125
0.5555555555555556
1.1851851851851851
1.8571428571428572
0.651685393258427
0.7169811320754716
1.9565217391304348
1.9726027397260273
1.125
2.9716981132075473
0.0
2.206896551724138
2.505050505050505
2.561797752808989
0.0
0.8275862068965517
2.4285714285714284
1.18
2.5974025974025974
0.7878787878787878
0.5614035087719298
0.6666666666666666
3.6486486486486487
2.528735632183908
2.0769230769230766
1.295774647887324
1.813186813186813
1.3454545454545455
1.267605633802817
0.0
0.6417910447761194
1.1940298507462686
1.9014084507042255
2.5242718446601944
1.5505617977528092
2.0
0.7419354838709677
1.3559322033898304
1.8243243243243243
0.6206896551724138
3.1521739130434785
0.0
1.3333333333333333
1.2923076923076924
1.9591836734693877
0.0
1.8705882352941177
1.25
1.3333333333333333
1.3846153846153846
2.988505747126437
2.1666666666666665
0.82
1.7093023255813953
0.0
2.3376623376623376
1.152542372881356
1.1333333333333333
1.9367088607594938
3.397435897435898
2.651685393258427
0.631578947368421
1.0975609756097562
2.088888888888889
1.2380952380952381
0.6486486486486487
1.3670886075949367
1.9090909090909092
2.1176470588235294
0.0
2.5185185185185186
2.0294117647058822
2.8051948051948052
0.6666666666666666
0.5064935064935064
0.559322033898305
1.1929824561403508
2.0172413793103448
0.0
0.0
1.2045454545454546
1.3333333333333333
3.333333333333333
2.5
1.5555555555555556
0.6666666666666666
0.6875
0.0
0.0
1.3636363636363635
0.0
2.5054945054945055
1.6206896551724137
0.6666666666666666
2.591549295774648
0.7307692307692307
2.3466666666666667
0.5802469135802469
0.5735294117647058
0.7333333333333333
3.048780487804878
2.0
2.2650602409638556
2.407766990291262
2.962962962962963
3.218390804597701
4.698630136986301
0.6610169491525424
0.5673076923076923
1.2777777777777777
0.0
1.15625
1.7227722772277225
1.1294117647058823
0.6338028169014085
1.139240506329114
0.0
1.125
1.9263157894736842
1.3333333333333333
0.8545454545454545
2.528735632183908
1.069767441860465
0.0
2.4571428571428573
1.240506329113924
0.0
1.945945945945946
0.0
3.055555555555556
2.987012987012987
0.625
2.5714285714285716
0.6363636363636364
1.411764705882353
0.0
1.3783783783783783
1.653846153846154
1.7586206896551722
2.7160493827160495
0.0
0.0
1.1549295774647887
2.3736263736263736
0.6086956521739131
1.6578947368421053
0.0
4.029850746268656
1.9583333333333335
1.3012048192771084
2.297029702970297
3.414634146341464
1.84375
0.5660377358490566
0.0
3.1818181818181817
3.089887640449438
0.0
2.4935064935064934
0.6666666666666666
0.7586206896551724
1.9518072289156625
0.8367346938775511
2.8349514563106797
0.0
0.0
2.0136986301369864
0.0
4.583333333333333
1.064516129032258
1.3714285714285714
1.2
3.75
0.703125
2.210526315789474
1.2727272727272727
1.627659574468085
2.5185185185185186
2.0597014925373136
0.0
0.5454545454545454
2.088607594936709
0.6716417910447762
2.311111111111111
1.2467532467532467
0.6875
0.0
2.3076923076923075
1.875
0.5833333333333334
0.7222222222222222
3.192771084337349
0.0
1.743243243243243
1.2439024390243902
1.3333333333333333
2.6666666666666665
0.5657894736842105
0.0
20.050125313283207
0.5081967213114754
0.625
0.0
1.048780487804878
0.6984126984126984
2.5542168674698793
20.948987854251012
0.0
0.6461538461538462
0.5774647887323944
0.0
1.5542168674698795
0.746268656716418
1.831168831168831
0.0
0.0
0.0
13.263227513227513
1.734375
0.547945205479452
1.6153846153846154
0.0
1.8088235294117645
0.0
0.5217391304347826
0.0
0.0
0.0
0.0
0.0
0.0
0.0
0.0
0.0
0.0
0.0
0.0
0.0
0.0
0.0
0.0
0.0
0.0
0.0
0.0
0.0
0.0
0.0
0.0
0.0
0.0
0.0
0.0
0.0
0.0
0.0
0.0
0.0
0.0
0.0
0.0
0.0
0.0
0.0
0.0
0.0
0.0
0.0
0.0
0.0
0.0
0.0
0.0
0.0
0.0
0.0
0.0
0.0
0.0
0.0
0.0
0.0
0.0
0.0
0.0
0.0
0.0
0.0
0.0
0.0
0.0
0.0
0.0
0.0
0.0
0.0
0.0
0.0
0.0
0.0
0.0
0.0
0.0
0.0
0.0
0.0
0.0
0.0
0.0
0.0
0.0
0.0
0.0
0.0
0.0
0.0
0.0
0.0
0.0
0.0
0.0
0.0
0.0
0.0
0.0
0.0
0.0
0.0
0.0
0.0
0.0
0.0
0.0
0.0
0.0
0.0
0.0
0.0
0.0
0.0
0.0
0.0
0.0
0.0
0.0
0.0
0.0
0.0
0.0
0.0
0.0
0.0
0.0
0.0
0.0
0.0
0.0
0.0
0.0
0.0
0.0
0.0
0.0
0.0
0.0
0.0
0.0
0.0
0.0
0.0
0.0
0.0
0.0
0.0
0.0
0.0
0.0
0.0
0.0
0.0
0.0
0.0
0.0
0.0
0.0
0.0
0.0
0.0
0.0
0.0
0.0
0.0
0.0
0.0
0.0
0.0
0.0
0.0
0.0
0.0
0.0
0.0
0.0
0.0
0.0
0.0
0.0
0.0
0.0
0.0
0.0
0.0
0.0
0.0
0.0
0.0
0.0
0.0
0.0
0.0
0.0
0.0
0.0
0.0
0.0
0.0
0.0
0.0
0.0
0.0
0.0
0.0
0.0
0.0
0.0
0.0
0.0
0.0
0.0
0.0
0.0
0.0
0.0
0.0
0.0
0.0
0.0
0.0
0.0
0.0
0.0
0.0
0.0
0.0
0.0
0.0
0.0
0.0
0.0
0.0
0.0
0.0
0.0
0.0
0.0
0.0
0.0
0.0
0.0
0.0
0.0
0.0
0.0
0.0
0.0
0.0
0.0
0.0
0.0
0.0
0.0
0.0
0.0
0.0
0.0
0.0
0.0
0.0
0.0
0.0
0.0
0.0
0.0
0.0
0.0
0.5294117647058824
0.0
0.6545454545454545
0.6493506493506493
0.7142857142857143
0.0
0.0
0.6410256410256411
0.6166666666666667
0.5692307692307692
0.6153846153846154
0.5633802816901409
0.0
0.6428571428571429
0.5344827586206896
0.6753246753246753
0.5070422535211268
0.6206896551724138
0.0
0.6521739130434783
0.559322033898305
0.6885245901639344
0.6708860759493671
0.6
0.5
0.6
0.7027027027027027
0.0
0.6461538461538462
0.639344262295082
2.8313253012048194
1.875
1.1830985915492958
3.467889908256881
0.0
2.4615384615384617
1.0263157894736843
2.5945945945945947
1.4054054054054055
1.7999999999999998
3.8048780487804876
1.225
1.0285714285714285
0.5571428571428572
3.8235294117647056
3.205479452054795
2.481012658227848
1.303030303030303
3.0921052631578947
1.1594202898550725
0.6060606060606061
0.6923076923076923
2.5555555555555554
3.5
0.75
3.8117647058823527
2.72
2.260869565217391
1.8518518518518516
2.4615384615384617
1.6153846153846154
1.3214285714285714
0.6818181818181818
0.5571428571428572
3.2432432432432434
1.4375
1.1470588235294117
1.6329113924050633
0.0
2.095238095238095
1.1333333333333333
3.1176470588235294
3.1192660550458715
2.736842105263158
1.8260869565217392
1.1111111111111112
2.4329896907216493
0.0
0.0
0.6338028169014085
0.6
1.7142857142857142
1.9186046511627908
1.912087912087912
0.6229508196721312
1.875
2.1999999999999997
3.670588235294118
2.3
1.8433734939759034
2.8499999999999996
2.3661971830985915
2.4
1.6800000000000002
3.5555555555555554
0.5285714285714286
1.8260869565217392
1.7142857142857142
0.6349206349206349
1.3333333333333333
1.6551724137931034
2.185185185185185
1.2
3.378640776699029
2.4
1.734375
1.8260869565217392
1.2173913043478262
2.24
1.25
1.96875
1.2285714285714286
1.7014925373134329
2.3333333333333335
1.6800000000000002
1.5
1.295774647887324
1.5731707317073171
2.911392405063291
2.911392405063291
0.0
0.0
0.0
0.0
0.0
0.0
0.0
0.0
0.0
0.0
0.0
0.0
0.0
0.0
0.0
0.0
0.0
0.0
0.0
0.0
0.0
0.0
0.0
0.0
0.0
0.0
0.0
0.0
0.0
0.0
0.0
1.1470588235294117
0.0
2.4210526315789473
1.9545454545454546
0.0
2.5822784810126582
1.875
3.2631578947368425
1.2380952380952381
2.916666666666667
0.0
0.6545454545454545
1.532608695652174
2.515463917525773
1.3066666666666666
1.651685393258427
2.5454545454545454
1.1935483870967742
0.6065573770491803
1.1470588235294117
4.0
1.6818181818181817
1.7922077922077921
1.838709677419355
1.7916666666666665
2.2736842105263158
2.535211267605634
1.2
1.3448275862068966
2.1772151898734178
0.5238095238095238
1.0571428571428572
0.5909090909090909
1.2647058823529411
0.6617647058823529
1.1219512195121952
1.9090909090909092
2.4
0.5769230769230769
1.9024390243902438
0.6515151515151515
0.578125
1.1176470588235294
1.09375
1.25
1.5
1.1645569620253164
1.2173913043478262
2.24
2.4
2.4
1.095890410958904
1.28125
1.6800000000000002
2.241758241758242
0.0
1.6153846153846154
1.4242424242424243
0.5714285714285714
0.0
0.0
0.0
0.0
0.0
0.0
0.0
0.0
0.0
0.0
0.0
0.0
0.0
0.0
0.0
0.0
0.0
0.0
0.0
0.0
0.0
0.0
0.0
0.0
0.0
0.0
0.0
0.0
0.0
0.0
1.0909090909090908
0.6290322580645161
0.6349206349206349
1.0149253731343284
1.6800000000000002
1.6973684210526314
0.0
1.7142857142857142
1.7307692307692306
3.585365853658536
1.842857142857143
0.0
1.7142857142857142
2.356164383561644
0.6229508196721312
2.5925925925925926
2.5205479452054793
2.24
1.1176470588235294
1.131578947368421
2.263157894736842
2.6301369863013697
0.0
1.0434782608695652
2.5
0.6440677966101694
1.8260869565217392
2.4
2.263157894736842
0.0
0.0
0.0
0.0
0.0
0.0
0.0
0.0
0.0
0.0
0.0
0.0
0.0
0.0
0.0
0.0
0.0
0.0
0.0
0.0
0.0
0.0
0.0
0.0
0.0
0.0
0.0
0.0
0.0
0.0
0.0
0.0
0.0
0.0
0.0
0.0
0.0
0.0
0.0
0.0
0.0
0.0
0.0
0.0
0.0
0.0
0.0
0.0
0.0
0.0
0.0
0.0
0.0
0.0
0.0
0.0
0.0
0.0
0.0
0.0
0.0
2.1149425287356323
2.704225352112676
4.038461538461538
0.6376811594202898
1.0746268656716418
1.643835616438356
0.7619047619047619
3.0714285714285716
3.231707317073171
1.7142857142857142
0.7241379310344828
1.6329113924050633
2.1176470588235294
3.2448979591836737
2.341463414634146
2.8266666666666667
2.911392405063291
3.085714285714286
2.7096774193548385
2.3908045977011496
2.591549295774648
0.6428571428571429
1.2972972972972974
2.676767676767677
1.6071428571428572
4.0
0.0
1.0930232558139534
2.3684210526315788
0.5636363636363636
1.3448275862068966
2.4615384615384617
1.1830985915492958
0.7272727272727273
2.951807228915663
2.278481012658228
1.9615384615384617
0.5535714285714286
2.5555555555555554
0.0
2.5185185185185186
0.0
2.506666666666667
2.925531914893617
1.3636363636363635
1.7462686567164178
2.8333333333333335
1.0149253731343284
2.0294117647058822
1.2285714285714286
1.736842105263158
2.5384615384615383
3.558139534883721
3.2857142857142856
2.2916666666666665
2.1818181818181817
3.0666666666666664
1.6019417475728155
0.0
1.5957446808510638
1.5238095238095237
2.692307692307692
1.8928571428571428
4.472222222222221
1.373134328358209
0.6774193548387096
1.6119402985074627
4.609756097560976
2.9120879120879124
1.653846153846154
0.6031746031746031
1.4054054054054055
1.1044776119402986
4.689320388349515
4.018867924528301
1.2380952380952381
0.0
3.4177215189873418
0.5769230769230769
3.925925925925926
0.5571428571428572
2.0194174757281553
2.8125
1.3714285714285714
1.6956521739130435
0.6666666666666666
3.2716049382716053
0.0
1.7339449541284404
2.2857142857142856
1.4181818181818182
2.2528735632183907
1.7999999999999998
1.4153846153846155
2.25
4.171717171717171
3.611111111111111
0.6451612903225806
1.5849056603773586
3.928571428571429
2.3376623376623376
1.180327868852459
0.0
2.88235294117647
0.0
3.387096774193548
3.1875
1.0746268656716418
4.1456310679611645
1.1830985915492958
0.631578947368421
2.787878787878788
3.2608695652173916
3.670588235294118
4.785046728971962
2.4
0.676923076923077
1.3
1.25
3.290322580645161
2.2857142857142856
3.141592920353982
2.611111111111111
0.5862068965517241
3.2954545454545454
4.25
0.0
1.6714285714285715
1.6901408450704225
0.71875
1.828125
2.015625
0.6607142857142857
0.5633802816901409
0.547945205479452
3.160919540229885
2.388059701492537
1.96875
2.4516129032258065
0.0
1.6774193548387095
0.6268656716417911
3.79746835443038
3.2530120481927707
2.0126582278481013
1.2307692307692308
1.9014084507042255
0.0
0.6666666666666666
0.6545454545454545
0.0
2.0869565217391304
2.339622641509434
0.0
2.911392405063291
2.3404255319148937
1.25
2.3636363636363638
1.1428571428571428
2.891566265060241
2.5806451612903225
3.15
2.064516129032258
1.1645569620253164
0.5714285714285714
2.0769230769230766
2.7160493827160495
0.6923076923076923
0.6428571428571429
0.6
2.2933333333333334
1.2285714285714286
1.8399999999999999
3.8446601941747574
1.3846153846153846
1.2333333333333334
1.7282608695652173
1.0985915492957747
1.0461538461538462
1.1944444444444444
0.6818181818181818
1.75
2.7215189873417724
2.015625
2.2448979591836733
1.643835616438356
1.1325301204819278
1.8805970149253732
2.481012658227848
1.0833333333333333
2.0
1.4603174603174602
1.7865168539325844
3.380281690140845
0.5833333333333334
3.230769230769231
2.24
1.8461538461538463
2.142857142857143
1.7777777777777777
1.0434782608695652
1.2602739726027397
1.8805970149253732
1.0819672131147542
0.6617647058823529
1.6153846153846154
1.816901408450704
1.15625
1.2537313432835822
1.8157894736842106
0.0
0.0
0.0
0.0
0.0
0.0
0.0
0.0
0.0
0.0
0.0
0.0
0.0
0.0
0.0
0.0
0.0
0.0
0.0
0.0
0.0
0.0
0.0
0.0
0.0
0.0
0.0
0.0
0.0
0.0
2.6500000000000004
0.6379310344827587
2.6341463414634148
4.0
0.7142857142857143
1.2328767123287672
2.057142857142857
1.9090909090909092
2.2
2.7
2.3008849557522124
1.1944444444444444
3.8108108108108105
3.711340206185567
0.0
2.25
1.225
1.1139240506329113
0.0
3.870588235294118
1.2903225806451613
2.6666666666666665
2.5789473684210527
1.352112676056338
1.3548387096774193
0.0
2.7439024390243905
0.703125
1.4242424242424243
2.3058823529411763
3.6521739130434785
2.409090909090909
0.6885245901639344
1.2151898734177216
2.0136986301369864
3.5769230769230766
4.793478260869565
0.7288135593220338
2.988505747126437
1.0681818181818181
0.6065573770491803
1.8375000000000001
0.6545454545454545
3.333333333333333
1.3448275862068966
1.3142857142857143
1.2380952380952381
2.4742268041237114
1.2923076923076924
2.5925925925925926
2.5555555555555554
0.6610169491525424
3.260869565217391
1.8148148148148149
2.6285714285714286
0.0
0.7288135593220338
0.0
2.8767123287671232
0.5396825396825397
1.1688311688311688
0.0
3.433734939759036
1.8148148148148149
2.3
1.2753623188405796
1.819672131147541
0.6491228070175439
1.8529411764705883
2.897727272727273
0.7258064516129032
0.0
2.9896907216494846
2.9906542056074765
1.2592592592592593
3.1011235955056184
2.3132530120481927
2.0
2.9295774647887325
3.446808510638298
3.8372093023255816
2.6543209876543212
0.6338028169014085
2.0779220779220777
1.65625
0.6455696202531646
0.6610169491525424
2.891566265060241
2.080645161290323
2.3684210526315788
1.1818181818181819
1.0909090909090908
2.41025641025641
2.6470588235294117
1.842857142857143
1.7671232876712328
0.5573770491803278
0.5384615384615384
1.7746478873239435
1.3134328358208955
0.6515151515151515
1.6956521739130435
1.28125
2.6842105263157894
0.6142857142857143
0.0
0.532258064516129
1.303030303030303
0.5925925925925926
2.2857142857142856
3.0434782608695654
2.5542168674698793
0.6086956521739131
1.2698412698412698
0.55
0.0
1.125
0.5454545454545454
1.56
1.772727272727273
0.0
0.0
0.0
0.0
0.0
0.0
0.0
0.0
0.0
0.0
0.0
0.0
0.0
0.0
0.0
0.0
0.0
0.0
0.0
0.0
0.0
0.0
0.0
0.0
0.0
0.0
0.0
0.0
0.0
0.0
3.194444444444444
3.4117647058823533
1.9285714285714288
1.1428571428571428
0.6721311475409836
2.511627906976744
1.7045454545454546
3.0337078651685396
4.2666666666666675
1.0476190476190477
2.0588235294117645
1.7468354430379747
2.2857142857142856
2.8658536585365852
1.819148936170213
1.0714285714285714
1.064516129032258
0.6268656716417911
2.0597014925373136
2.6
1.7746478873239435
2.6
2.6493506493506493
2.481012658227848
1.5882352941176472
2.216867469879518
2.241758241758242
1.2352941176470589
2.6341463414634148
1.2923076923076924
2.916666666666667
1.3928571428571428
2.5205479452054793
1.8805970149253732
2.3225806451612905
2.6
3.728155339805825
1.1076923076923078
2.028169014084507
1.53125
0.0
2.1818181818181817
3.25
1.2258064516129032
1.28
0.6712328767123288
1.1830985915492958
2.0
2.4941176470588236
2.0
1.76
3.3962264150943398
2.5346534653465347
2.9310344827586206
1.89873417721519
2.0769230769230766
1.21875
3.72972972972973
1.3235294117647058
1.2307692307692308
2.260869565217391
1.125
0.65625
3.0392156862745097
2.3703703703703702
3.764705882352941
2.4
1.9285714285714288
2.0476190476190474
1.9014084507042255
3.381818181818182
2.196078431372549
0.5974025974025974
0.6607142857142857
1.2380952380952381
3.0246913580246915
2.8571428571428568
0.5303030303030303
2.526315789473684
0.0
0.6885245901639344
1.2424242424242424
1.8805970149253732
3.285714285714286
1.3220338983050848
0.6197183098591549
3.2278481012658227
2.736842105263158
3.05
1.7777777777777777
1.3770491803278688
1.393939393939394
1.044776119402985
0.5625
4.63855421686747
2.56
0.5517241379310345
2.3529411764705883
0.0
1.7142857142857142
1.9852941176470589
2.697674418604651
1.25
2.4878048780487805
3.420560747663551
2.9411764705882355
2.15
1.037037037037037
0.625
2.608695652173913
2.0833333333333335
3.287671232876712
0.5714285714285714
2.05
0.6923076923076923
1.8904109589041096
3.716216216216216
0.6206896551724138
1.1147540983606556
2.632911392405063
3.6750000000000003
1.7205882352941175
3.353658536585366
1.7575757575757576
3.106796116504854
3.4507042253521125
3.172043010752688
1.87012987012987
0.0
2.6842105263157894
0.5168539325842697
1.2926829268292683
1.21875
2.4864864864864864
0.6666666666666666
2.127659574468085
0.5416666666666666
1.1794871794871795
1.303030303030303
2.3
0.5178571428571429
1.2
0.0
2.2285714285714286
2.696629213483146
2.2857142857142856
3.5
1.6153846153846154
1.6944444444444442
2.23943661971831
3.785714285714286
1.9864864864864864
1.2173913043478262
2.44
2.388888888888889
2.1686746987951806
1.2285714285714286
2.7777777777777777
1.3235294117647058
0.578125
3.670588235294118
1.2537313432835822
0.6612903225806451
0.5416666666666666
3.0
1.476923076923077
1.0434782608695652
2.9444444444444446
1.09375
1.2923076923076924
1.7205882352941175
1.4153846153846155
1.1940298507462686
0.5846153846153846
2.5925925925925926
0.631578947368421
0.6349206349206349
2.9375
1.9545454545454546
0.6557377049180327
0.0
0.0
0.0
0.0
0.0
0.0
0.0
0.0
0.0
0.0
0.0
0.0
0.0
0.0
0.0
0.0
0.0
0.0
0.0
0.0
0.0
0.0
0.0
0.0
0.0
0.0
0.0
0.0
0.0
0.0
0.582089552238806
1.2602739726027397
2.9126213592233006
2.3013698630136985
2.903225806451613
2.0
3.1578947368421053
3.375
2.1492537313432836
0.7368421052631579
0.6935483870967742
3.2608695652173916
0.6065573770491803
1.7999999999999998
1.0344827586206897
2.4935064935064934
2.311111111111111
1.2923076923076924
1.1612903225806452
2.635294117647059
2.17741935483871
1.2923076923076924
1.9852941176470589
0.6666666666666666
1.2432432432432432
1.8157894736842106
2.260869565217391
2.5
1.2266666666666666
1.817307692307692
3.4
2.8378378378378377
0.5362318840579711
1.9615384615384617
0.0
2.278481012658228
2.88235294117647
2.2790697674418605
1.05
2.9126213592233006
0.5714285714285714
1.40625
0.6461538461538462
3.0660377358490565
2.1777777777777776
1.3114754098360655
2.489795918367347
0.5555555555555556
1.25
3.5510204081632653
1.653846153846154
0.6481481481481481
1.139240506329114
2.8484848484848486
3.310810810810811
1.2142857142857142
1.5
1.2758620689655173
3.7317073170731705
1.8433734939759034
2.388059701492537
2.6666666666666665
1.1076923076923078
1.2352941176470589
1.75
2.945205479452055
1.875
0.6666666666666666
1.1
3.021978021978022
1.4153846153846155
1.7027027027027026
3.7714285714285714
1.8545454545454545
2.0769230769230766
2.2448979591836733
3.218390804597701
1.945945945945946
3.269230769230769
1.3235294117647058
1.7027027027027026
2.7222222222222223
3.31578947368421
1.1428571428571428
1.75
1.1395348837209303
1.75
0.5942028985507246
3.0188679245283017
1.9879518072289157
0.0
3.428571428571429
2.6699029126213594
3.533333333333333
1.9090909090909092
1.048780487804878
1.838709677419355
1.2923076923076924
2.292682926829268
0.5230769230769231
1.303030303030303
0.5909090909090909
2.9896907216494846
0.7627118644067796
0.0
2.057142857142857
1.352112676056338
1.2121212121212122
1.0833333333333333
1.11864406779661
2.0454545454545454
1.368421052631579
2.9523809523809526
0.0
1.3125
2.2153846153846155
0.639344262295082
1.9615384615384617
2.9605263157894735
1.1714285714285715
1.4848484848484849
1.2698412698412698
1.1304347826086956
1.4782608695652173
1.2923076923076924
1.0649350649350648
0.5217391304347826
1.7205882352941175
1.6818181818181817
0.0
1.643835616438356
1.3114754098360655
2.6470588235294117
0.0
2.0
1.8260869565217392
2.0408163265306123
2.4615384615384617
2.588235294117647
3.125
1.2580645161290323
1.643835616438356
0.5454545454545454
2.4571428571428573
3.058823529411765
0.609375
0.5423728813559322
2.914285714285714
0.55
2.9775280898876404
0.0
0.0
0.0
0.0
0.0
0.0
0.0
0.0
0.0
0.0
0.0
0.0
0.0
0.0
0.0
0.0
0.0
0.0
0.0
0.0
0.0
0.0
0.0
0.0
0.0
0.0
0.0
0.0
0.0
0.0
2.727272727272727
1.275
0.0
2.0454545454545454
3.717391304347826
1.2777777777777777
0.6617647058823529
0.6956521739130435
0.0
2.857142857142857
1.8928571428571428
1.2
1.25
1.6329113924050633
2.057142857142857
1.9565217391304348
1.2432432432432432
1.978021978021978
0.6666666666666666
1.7333333333333332
0.7424242424242424
1.8695652173913042
2.3333333333333335
1.7528089887640448
1.7999999999999998
0.0
0.0
1.295774647887324
1.2473118279569892
0.0
1.2112676056338028
1.380281690140845
0.0
1.8904109589041096
0.0
2.095890410958904
2.577777777777778
0.0
2.057142857142857
1.373134328358209
1.3243243243243243
2.2857142857142856
1.2328767123287672
0.0
0.6133333333333333
0.6229508196721312
0.5932203389830508
2.85
1.4375
0.0
2.4935064935064934
0.7538461538461538
1.2835820895522387
1.5750000000000002
0.7377049180327869
0.0
1.2972972972972974
0.6
0.5689655172413793
1.2647058823529411
1.3125
2.953846153846154
1.2666666666666666
0.6333333333333333
0.6785714285714286
0.0
1.9500000000000002
0.6779661016949152
1.962962962962963
1.103448275862069
0.0
0.6190476190476191
1.2307692307692308
0.0
0.6842105263157895
1.2151898734177216
1.0095238095238095
2.761904761904762
0.7428571428571429
1.2615384615384615
0.6911764705882353
2.9347826086956523
1.2352941176470589
2.442105263157895
2.050632911392405
2.372093023255814
1.1688311688311688
0.640625
0.6785714285714286
3.1666666666666665
2.010989010989011
0.5833333333333334
2.1030927835051547
1.9591836734693877
0.609375
2.4
0.6615384615384615
1.9726027397260273
2.6288659793814433
2.558139534883721
1.3823529411764706
0.0
1.7999999999999998
0.676056338028169
1.8275862068965518
1.975609756097561
0.6461538461538462
2.1176470588235294
0.640625
3.4615384615384617
2.3908045977011496
2.28
0.71875
0.5272727272727272
1.4035087719298245
0.7258064516129032
2.3908045977011496
0.0
1.8979591836734695
1.295774647887324
0.6349206349206349
3.1884057971014492
1.278688524590164
0.6363636363636364
1.25
0.6142857142857143
2.292134831460674
0.0
0.5797101449275363
2.142857142857143
1.8375000000000001
0.6666666666666666
1.5454545454545454
3.0357142857142856
3.333333333333333
2.2988505747126435
0.7205882352941176
0.75
1.462686567164179
1.2238805970149254
0.0
2.684931506849315
0.6724137931034483
1.2394366197183098
1.3513513513513513
0.0
0.6153846153846154
0.0
1.8805970149253732
3.1382978723404253
0.5925925925925926
1.776315789473684
1.1538461538461537
0.5714285714285714
0.6229508196721312
0.6461538461538462
1.032258064516129
0.0
0.5970149253731343
0.0
0.0
1.7999999999999998
0.0
1.9615384615384617
0.0
0.0
0.6290322580645161
0.5454545454545454
0.5238095238095238
1.0886075949367089
0.589041095890411
0.0
0.6440677966101694
1.25
16.585714285714285
0.676923076923077
0.5857142857142857
0.0
1.0434782608695652
0.0
0.0
0.0
0.0
0.0
0.0
0.0
0.0
0.0
0.0
0.0
0.0
0.0
0.0
0.0
0.0
0.0
0.0
0.0
0.0
0.0
0.0
0.0
0.0
0.0
0.0
0.0
0.0
0.0
0.0
0.0
0.7384615384615385
2.25
1.3114754098360655
0.7068965517241379
1.2173913043478262
0.7192982456140351
0.0
1.987012987012987
0.0
2.04
1.125
2.5454545454545454
2.4578313253012047
3.0927835051546393
1.1650485436893203
2.4210526315789473
1.9852941176470589
1.3333333333333333
0.5892857142857143
2.8488372093023258
0.7
0.0
2.4878048780487805
0.0
2.350515463917526
2.4516129032258065
0.0
1.1363636363636365
1.373134328358209
1.3170731707317074
0.0
1.5882352941176472
0.5737704918032787
0.0
3.2
0.6190476190476191
0.696969696969697
3.4459459459459456
0.7384615384615385
0.7321428571428571
0.5818181818181818
0.6842105263157895
3.333333333333333
2.0869565217391304
0.0
2.028169014084507
1.2972972972972974
2.5945945945945947
1.2619047619047619
2.3376623376623376
1.7647058823529411
3.125
1.96875
0.7192982456140351
1.9090909090909092
0.6617647058823529
0.6388888888888888
0.0
0.7586206896551724
0.0
0.5875
0.0
18.4481658692185
0.546875
0.6617647058823529
2.1538461538461537
0.0
2.4
0.0
0.640625
1.1176470588235294
1.6071428571428572
0.0
0.5161290322580645
0.5783132530120482
0.0
1.9342105263157894
1.0434782608695652
2.6153846153846154
0.5263157894736842
2.08
0.5714285714285714
0.5384615384615384
0.647887323943662
0.625
0.0
0.6268656716417911
0.5280898876404494
1.56
1.1044776119402986
0.0
0.0
0.0
0.0
0.0
0.0
0.0
0.0
0.0
0.0
0.0
0.0
0.0
0.0
0.0
0.0
0.0
0.0
0.0
0.0
0.0
0.0
0.0
0.0
0.0
0.0
0.0
0.0
0.0
0.0
1.3770491803278688
1.4328358208955223
0.6909090909090909
0.6145833333333334
2.684931506849315
1.875
1.9124999999999999
0.7384615384615385
2.8235294117647056
2.6511627906976742
0.0
2.1369863013698627
2.3448275862068964
1.5789473684210527
0.5737704918032787
1.708860759493671
1.792682926829268
0.5833333333333334
1.9852941176470589
3.2738095238095237
2.9891304347826084
3.438202247191011
1.5666666666666669
1.25
2.0
0.6166666666666667
0.6615384615384615
1.7625000000000002
1.2098765432098766
1.9518072289156625
1.7710843373493976
2.088607594936709
1.352112676056338
1.1604938271604939
0.0
0.0
0.6338028169014085
2.682926829268293
1.3
0.7391304347826086
0.5076923076923077
0.0
1.9565217391304348
2.7246376811594204
2.0675675675675675
0.0
0.5909090909090909
2.717948717948718
0.6290322580645161
0.6363636363636364
2.5822784810126582
3.0851063829787235
1.3846153846153846
2.216867469879518
1.8837209302325582
0.6190476190476191
1.3714285714285714
2.04
1.2777777777777777
2.4269662921348316
0.6785714285714286
2.5454545454545454
0.5909090909090909
0.6909090909090909
2.2127659574468086
2.2857142857142856
1.2222222222222223
1.2173913043478262
0.7301587301587301
1.7746478873239435
2.4367816091954024
0.5675675675675675
1.462686567164179
2.1176470588235294
2.1645569620253164
1.3611111111111112
2.013157894736842
2.5168539325842696
1.9500000000000002
0.0
2.0136986301369864
2.511627906976744
1.7999999999999998
1.92
0.6153846153846154
0.7051282051282052
2.6363636363636362
2.109375
2.4578313253012047
0.0
2.4615384615384617
1.3650793650793651
2.4680851063829787
1.1830985915492958
1.21875
1.2328767123287672
0.0
1.2647058823529411
0.6142857142857143
1.7532467532467533
2.5185185185185186
1.774193548387097
1.806122448979592
0.6956521739130435
2.3333333333333335
0.0
0.0
0.5774647887323944
2.909090909090909
2.3132530120481927
1.9058823529411764
3.0
1.3125
0.0
0.0
0.660377358490566
0.0
2.6341463414634148
1.8571428571428572
0.0
0.0
1.2285714285714286
0.5909090909090909
1.105263157894737
2.161764705882353
2.4
1.6800000000000002
1.0909090909090908
0.0
0.0
0.6461538461538462
2.099009900990099
0.0
0.6290322580645161
2.2222222222222223
1.1142857142857143
0.0
0.0
1.1176470588235294
1.1304347826086956
0.6142857142857143
1.5176470588235293
0.0
0.5416666666666666
0.0
12.738461538461538
0.5540540540540541
0.5238095238095238
0.0
0.0
0.0
0.0
0.0
0.0
0.0
0.0
0.0
0.0
0.0
0.0
0.0
0.0
0.0
0.0
0.0
0.0
0.0
0.0
0.0
0.0
0.0
0.0
0.0
0.0
0.0
0.0
0.0
0.0
0.0
0.0
2.5934065934065935
1.28
1.2352941176470589
0.6716417910447762
2.9878048780487805
1.1020408163265305
0.0
2.4680851063829787
1.5333333333333332
0.7368421052631579
2.857142857142857
0.6885245901639344
0.6774193548387096
1.180722891566265
3.7681159420289854
0.0
1.7647058823529411
0.0
0.0
1.3559322033898304
0.0
2.6
0.0
0.0
1.838709677419355
0.0
0.6029411764705882
1.380281690140845
2.1492537313432836
1.9852941176470589
1.9124999999999999
1.1830985915492958
0.6447368421052632
0.0
2.731707317073171
0.6716417910447762
1.3142857142857143
0.6956521739130435
0.7837837837837838
1.2705882352941176
0.0
1.2537313432835822
2.358974358974359
1.9852941176470589
0.6338028169014085
0.6567164179104478
0.0
1.7241379310344827
0.0
2.3684210526315788
0.0
0.0
0.0
1.8493150684931507
3.310810810810811
1.9342105263157894
2.56
0.6623376623376623
1.2857142857142858
1.3448275862068966
0.0
2.488888888888889
4.046511627906977
0.0
1.2727272727272727
0.6909090909090909
1.2151898734177216
0.7833333333333333
1.813953488372093
2.8947368421052633
1.8461538461538463
1.9565217391304348
2.5945945945945947
0.0
1.2777777777777777
2.1999999999999997
2.2325581395348837
0.0
2.5365853658536586
1.5742574257425743
0.0
2.6666666666666665
1.4202898550724639
0.0
2.4578313253012047
0.7540983606557377
1.303030303030303
2.347826086956522
0.5866666666666667
2.8205128205128207
12.910427807486629
0.6197183098591549
0.7619047619047619
1.0886075949367089
0.0
1.2105263157894737
1.9583333333333335
1.3150684931506849
0.5285714285714286
1.75
0.6229508196721312
1.2105263157894737
1.1044776119402986
1.4603174603174602
3.1481481481481484
0.0
2.0
0.6440677966101694
0.7727272727272727
0.0
1.7999999999999998
0.5645161290322581
0.0
1.1538461538461537
0.5652173913043478
0.5588235294117647
1.6973684210526314
0.6515151515151515
0.5645161290322581
1.2058823529411764
0.5285714285714286
0.6617647058823529
1.7777777777777777
0.0
0.6666666666666666
0.5857142857142857
0.0
0.6197183098591549
2.1951219512195124
0.0
0.6142857142857143
1.4
0.56
1.7777777777777777
0.0
0.0
0.5217391304347826
1.9384615384615387
0.0
0.5416666666666666
0.5909090909090909
1.0389610389610389
2.3058823529411763
1.6451612903225805
0.0
0.5522388059701493
1.1724137931034482
0.676923076923077
17.446153846153845
0.0
0.0
0.0
0.0
0.0
0.0
0.0
0.0
0.0
0.0
0.0
0.0
0.0
0.0
0.0
0.0
0.0
0.0
0.0
0.0
0.0
0.0
0.0
0.0
0.0
0.0
0.0
0.0
0.0
0.0
0.0
0.0
0.0
0.0
0.0
0.0
0.0
0.0
0.0
0.0
0.0
0.0
0.0
0.0
0.0
0.0
0.0
0.0
0.0
0.0
0.0
0.0
0.0
0.0
0.0
0.0
0.0
0.0
0.0
0.0
0.0
0.0
0.0
0.0
0.0
0.0
0.0
0.0
0.0
0.0
0.0
0.0
0.0
0.0
0.0
0.0
0.0
0.0
0.0
0.0
0.0
0.0
0.0
0.0
0.0
0.0
0.0
0.0
0.0
0.0
0.0
0.0
0.0
0.0
0.0
0.0
0.0
0.0
0.0
0.0
0.0
0.0
0.0
0.0
0.0
0.0
0.0
0.0
0.0
0.0
0.0
0.0
0.0
0.0
0.0
0.0
0.0
0.0
0.0
0.0
0.0
0.0
0.0
0.0
0.0
0.0
0.0
0.0
0.0
0.0
0.0
0.0
0.0
0.0
0.0
0.0
0.0
0.0
0.0
0.0
0.0
0.0
0.0
0.0
0.0
0.0
0.0
0.0
0.0
0.0
0.0
0.0
0.0
0.0
0.0
0.0
0.0
0.0
0.0
0.0
0.0
0.0
0.0
0.0
0.0
0.0
0.0
0.0
0.0
0.0
0.0
0.0
0.0
0.0
0.0
0.0
0.0
0.0
0.0
0.0
0.0
0.0
0.0
0.0
0.0
0.0
0.0
0.0
0.0
0.0
0.0
0.0
0.0
0.0
0.0
0.0
0.0
0.0
0.0
0.0
0.0
0.0
0.0
0.0
0.0
0.0
0.0
0.0
0.0
0.0
0.0
0.0
0.0
0.0
0.0
0.0
0.0
0.0
0.0
0.0
0.0
0.0
0.0
0.0
0.0
0.0
0.0
0.0
0.0
0.0
0.0
0.0
0.0
0.0
0.0
0.0
0.0
0.0
0.0
0.0
0.0
0.0
0.0
0.0
0.0
0.0
0.0
0.0
0.0
0.0
0.0
0.0
0.0
0.0
0.0
0.0
0.0
0.0
0.0
0.0
0.0
0.0
0.0
0.0
0.0
0.0
0.0
0.0
0.0
0.0
0.0
0.0
0.0
0.0
0.0
0.0
0.0
0.0
0.0
0.0
0.0
0.0
0.0
0.0
0.0
0.0
0.0
0.0
0.0
0.0
0.0
0.0
0.0
0.0
0.0
0.0
0.0
0.0
0.0
0.0
0.0
0.0
0.0
0.0
0.0
0.0
0.0
0.0
0.0
0.0
0.0
0.0
0.0
0.0
0.0
0.0
0.0
0.0
0.0
0.0
0.0
0.0
0.0
0.0
0.0
0.0
0.0
0.0
0.0
0.0
0.0
0.6730769230769231
0.6166666666666667
0.0
0.6268656716417911
0.7627118644067796
0.6666666666666666
0.6428571428571429
0.7258064516129032
0.0
0.6666666666666666
0.71875
0.5972222222222222
0.7272727272727273
0.5333333333333333
0.7391304347826086
0.6486486486486487
0.6323529411764706
0.0
0.0
0.0
0.6811594202898551
0.0
0.0
0.6842105263157895
0.0
0.6181818181818182
0.0
0.5892857142857143
0.640625
0.5733333333333334
1.6630434782608696
1.5238095238095237
1.8571428571428572
3.3861386138613856
3.4000000000000004
2.5294117647058822
1.6714285714285715
1.21875
2.8095238095238093
0.0
2.5306122448979593
0.7
0.6610169491525424
3.9000000000000004
3.037974683544304
0.64
2.5396825396825395
1.2328767123287672
0.0
3.74025974025974
4.258064516129032
1.1395348837209303
2.588235294117647
0.609375
1.6463414634146343
1.3793103448275863
3.5428571428571427
1.9500000000000002
2.4225352112676055
0.6785714285714286
3.7600000000000002
1.7386363636363638
3.2142857142857144
3.0232558139534884
2.5454545454545454
0.0
1.4029850746268657
1.3513513513513513
1.2285714285714286
2.057142857142857
1.2
0.7301587301587301
2.8051948051948052
2.4390243902439024
3.333333333333333
2.2650602409638556
1.3714285714285714
3.75
2.6341463414634148
4.0285714285714285
2.25
1.3043478260869565
0.6323529411764706
2.8289473684210527
2.1818181818181817
1.3333333333333333
0.0
1.1842105263157894
3.353658536585366
3.6296296296296298
3.545454545454546
0.0
1.8260869565217392
2.2857142857142856
2.5
1.380281690140845
1.131578947368421
1.776315789473684
2.1857142857142855
3.326732673267327
2.962962962962963
2.914285714285714
1.4328358208955223
2.4657534246575343
1.8695652173913042
2.1153846153846154
3.307692307692308
2.4225352112676055
2.1176470588235294
1.125
1.4285714285714286
0.6774193548387096
2.4
1.708860759493671
0.7384615384615385
0.5625
2.56
4.1034482758620685
3.1325301204819276
3.5604395604395602
0.0
1.278688524590164
1.9545454545454546
2.0769230769230766
3.352941176470588
0.6166666666666667
3.2967032967032965
3.5999999999999996
3.0405405405405403
1.0153846153846153
3.370786516853933
3.2857142857142856
0.6428571428571429
1.7999999999999998
0.0
0.6
2.4186046511627906
3.333333333333333
2.2222222222222223
1.7999999999999998
0.6
0.0
0.7619047619047619
1.303030303030303
0.0
2.3376623376623376
2.7532467532467533
0.639344262295082
0.0
2.0476190476190474
2.3703703703703702
0.53125
1.7538461538461538
1.1666666666666667
3.1325301204819276
1.7777777777777777
1.3333333333333333
2.4
1.7142857142857142
1.9852941176470589
2.24
3.9310344827586206
0.6
1.25
2.911392405063291
1.9701492537313432
1.8157894736842106
0.5352112676056338
1.0833333333333333
1.3333333333333333
1.3235294117647058
2.1666666666666665
1.121212121212121
1.734375
0.6440677966101694
0.5714285714285714
2.0869565217391304
1.2698412698412698
0.6166666666666667
1.643835616438356
0.0
0.0
0.0
0.0
0.0
0.0
0.0
0.0
0.0
0.0
0.0
0.0
0.0
0.0
0.0
0.0
0.0
0.0
0.0
0.0
0.0
0.0
0.0
0.0
0.0
0.0
0.0
0.0
0.0
0.0
0.0
3.118279569892473
1.36986301369863
2.0294117647058822
1.2307692307692308
3.5887850467289715
1.0133333333333334
3.4782608695652177
2.3636363636363638
2.0869565217391304
3.2558139534883725
0.0
1.7916666666666665
0.5263157894736842
1.6105263157894738
0.6153846153846154
1.8529411764705883
3.1868131868131866
2.6744186046511627
3.662337662337662
0.6101694915254238
2.3333333333333335
2.1940298507462686
0.7037037037037037
1.152542372881356
0.0
1.7865168539325844
1.6973684210526314
2.204081632653061
1.2537313432835822
2.8409090909090913
2.2127659574468086
1.2923076923076924
0.6712328767123288
1.2432432432432432
0.0
0.5970149253731343
0.7058823529411765
2.962962962962963
1.5445544554455446
1.2903225806451613
2.567901234567901
2.481012658227848
1.1627906976744187
1.2923076923076924
3.8734177215189876
2.769230769230769
1.7647058823529411
2.804878048780488
3.160919540229885
2.526315789473684
0.0
2.025974025974026
1.9846153846153847
1.2820512820512822
1.3793103448275863
1.76
1.267605633802817
3.0246913580246915
0.703125
2.646153846153846
2.6823529411764704
1.2972972972972974
0.6551724137931034
2.8865979381443294
4.216216216216217
3.026315789473684
1.875
2.5365853658536586
2.3797468354430378
1.9879518072289157
0.0
2.88235294117647
3.666666666666667
2.3255813953488373
2.3058823529411763
0.6190476190476191
2.3838383838383836
0.75
3.2222222222222223
2.9411764705882355
3.0625
0.65
3.269230769230769
0.559322033898305
2.8125
2.0
2.5671641791044775
1.25
2.057142857142857
1.1081081081081081
2.5925925925925926
1.1818181818181819
0.0
0.703125
0.0
1.6800000000000002
1.25
2.6063829787234045
1.1428571428571428
2.0
1.7777777777777777
1.125
2.4
2.5
1.2923076923076924
1.772727272727273
1.1470588235294117
2.3661971830985915
1.1666666666666667
1.1940298507462686
1.7999999999999998
1.772727272727273
1.7671232876712328
0.6290322580645161
2.692307692307692
2.260869565217391
0.0
1.25
2.9310344827586206
0.0
0.0
0.0
0.0
0.0
0.0
0.0
0.0
0.0
0.0
0.0
0.0
0.0
0.0
0.0
0.0
0.0
0.0
0.0
0.0
0.0
0.0
0.0
0.0
0.0
0.0
0.0
0.0
0.0
0.0
0.0
0.0
0.0
0.0
0.0
0.0
0.0
0.0
0.0
0.0
0.0
0.0
0.0
0.0
0.0
0.0
0.0
0.0
0.0
0.0
0.0
0.0
0.0
0.0
0.0
0.0
0.0
0.0
0.0
0.0
1.647058823529412
4.518987341772152
1.2835820895522387
3.4020618556701034
1.2727272727272727
1.8461538461538463
3.0714285714285716
3.163265306122449
2.2051282051282053
2.8289473684210527
1.9642857142857144
1.1666666666666667
2.25
2.227272727272727
0.0
3.666666666666667
3.1363636363636362
1.7528089887640448
1.1645569620253164
0.6875
3.375
2.727272727272727
3.2
2.3333333333333335
2.370967741935484
2.9878048780487805
2.4583333333333335
2.923076923076923
2.988505747126437
0.6842105263157895
2.6470588235294117
3.0246913580246915
3.6750000000000003
0.6166666666666667
0.0
0.0
1.391304347826087
2.6666666666666665
1.8970588235294117
0.0
0.0
2.2268041237113403
2.376237623762376
0.0
1.6875
2.727272727272727
2.41025641025641
0.0
0.6610169491525424
2.318840579710145
0.0
1.278688524590164
0.7049180327868853
3.0714285714285716
2.391304347826087
3.7425742574257423
1.6363636363636362
1.2923076923076924
2.057142857142857
2.4
3.0
0.7049180327868853
1.4666666666666666
1.813186813186813
2.65625
2.112676056338028
1.5750000000000002
2.326530612244898
1.2698412698412698
1.3333333333333333
1.3164556962025316
0.0
0.696969696969697
1.2777777777777777
3.806451612903226
1.675324675324675
3.558139534883721
0.7166666666666667
1.2926829268292683
3.3505154639175254
1.088235294117647
4.022988505747126
1.5731707317073171
2.611111111111111
2.32258064516129
0.6271186440677966
2.55
0.6428571428571429
2.7341772151898733
2.9439252336448596
1.9384615384615387
1.095890410958904
2.4210526315789473
1.15625
1.1940298507462686
1.7142857142857142
1.2923076923076924
1.9726027397260273
1.1304347826086956
1.4328358208955223
1.1940298507462686
3.026315789473684
3.2448979591836737
2.8289473684210527
1.875
1.842857142857143
1.2162162162162162
2.6470588235294117
1.9545454545454546
1.1851851851851851
3.269230769230769
1.12
1.131578947368421
3.2727272727272725
1.772727272727273
1.1940298507462686
0.0
2.2162162162162162
0.6268656716417911
1.1044776119402986
0.0
0.0
0.0
0.0
0.0
0.0
0.0
0.0
0.0
0.0
0.0
0.0
0.0
0.0
0.0
0.0
0.0
0.0
0.0
0.0
0.0
0.0
0.0
0.0
0.0
0.0
0.0
0.0
0.0
0.0
2.5531914893617023
1.8415841584158414
1.0588235294117647
2.227272727272727
2.1363636363636362
1.1818181818181819
0.639344262295082
2.076923076923077
1.9384615384615387
2.5714285714285716
4.069767441860465
1.3448275862068966
2.150537634408602
2.2916666666666665
1.2923076923076924
1.2727272727272727
1.2911392405063291
0.65
2.090909090909091
0.6545454545454545
0.7368421052631579
2.3661971830985915
0.6166666666666667
1.9285714285714288
3.7142857142857144
2.4324324324324325
2.3529411764705883
2.292134831460674
2.1951219512195124
0.0
4.2682926829268295
2.2857142857142856
3.1914893617021276
1.4375
1.5652173913043477
0.6617647058823529
1.1076923076923078
2.6153846153846154
4.090909090909091
1.9879518072289157
2.1666666666666665
2.7551020408163263
0.5373134328358209
1.3125
2.608695652173913
0.0
0.0
1.2173913043478262
1.3043478260869565
3.021978021978022
1.4202898550724639
1.5306122448979593
0.5660377358490566
0.6
3.9749999999999996
1.7746478873239435
1.6176470588235294
3.3139534883720927
2.0769230769230766
3.8125
1.7142857142857142
2.5365853658536586
1.875
2.3636363636363638
1.6621621621621623
1.34375
1.6578947368421053
1.15625
2.56
1.1147540983606556
2.263157894736842
1.7142857142857142
0.5652173913043478
1.303030303030303
1.3333333333333333
1.1692307692307693
0.5454545454545454
2.8571428571428568
1.0909090909090908
2.727272727272727
3.310344827586207
1.8157894736842106
2.962962962962963
1.28
0.55
1.625
0.5092592592592593
1.734375
2.3661971830985915
2.24
0.0
0.0
0.0
0.0
0.0
0.0
0.0
0.0
0.0
0.0
0.0
0.0
0.0
0.0
0.0
0.0
0.0
0.0
0.0
0.0
0.0
0.0
0.0
0.0
0.0
0.0
0.0
0.0
0.0
0.0
3.2098765432098766
3.1707317073170733
2.202247191011236
1.088235294117647
2.1999999999999997
1.373134328358209
1.3448275862068966
3.721518987341772
1.2333333333333334
0.6923076923076923
2.6526315789473682
0.5660377358490566
1.9014084507042255
1.96875
3.4482758620689653
2.204081632653061
1.816901408450704
2.2941176470588234
0.6617647058823529
2.26027397260274
1.5555555555555554
2.271604938271605
2.1176470588235294
1.813953488372093
3.2142857142857144
0.6333333333333333
1.6630434782608696
1.7999999999999998
1.2432432432432432
0.6142857142857143
1.6956521739130435
0.6428571428571429
1.6800000000000002
0.0
1.2439024390243902
1.6567164179104479
1.0833333333333333
1.92
1.9156626506024095
0.6440677966101694
0.6557377049180327
1.131578947368421
1.36986301369863
1.1940298507462686
0.5217391304347826
0.6229508196721312
1.4603174603174602
1.7142857142857142
1.9726027397260273
2.24
0.6349206349206349
1.8461538461538463
1.25
0.6440677966101694
1.7142857142857142
1.2602739726027397
2.8350515463917523
0.5714285714285714
1.3333333333333333
1.2173913043478262
0.0
0.0
0.0
0.0
0.0
0.0
0.0
0.0
0.0
0.0
0.0
0.0
0.0
0.0
0.0
0.0
0.0
0.0
0.0
0.0
0.0
0.0
0.0
0.0
0.0
0.0
0.0
0.0
0.0
0.0
0.0
0.0
0.0
0.0
0.0
0.0
0.0
0.0
0.0
0.0
0.0
0.0
0.0
0.0
0.0
0.0
0.0
0.0
0.0
0.0
0.0
0.0
0.0
0.0
0.0
0.0
0.0
0.0
0.0
0.0
0.0
0.0
0.0
0.0
0.0
0.0
0.0
0.0
0.0
0.0
0.0
0.0
0.0
0.0
0.0
0.0
0.0
0.0
0.0
0.0
0.0
0.0
0.0
0.0
0.0
0.0
0.0
0.0
0.0
0.0
0.0
0.0
0.0
0.0
0.0
0.0
0.0
0.0
0.0
0.0
0.0
0.0
0.0
0.0
0.0
0.0
0.0
0.0
0.0
0.0
0.0
0.0
0.0
0.0
0.0
0.0
0.0
0.0
0.0
0.0
0.0
0.0
0.0
0.0
0.0
0.0
0.0
0.0
0.0
0.0
0.0
0.0
0.0
0.0
0.0
0.0
0.0
0.0
0.0
0.0
0.0
0.0
0.0
0.0
0.0
0.0
0.0
0.0
0.0
0.0
0.0
0.0
0.0
0.0
0.0
0.0
0.0
0.0
0.0
0.0
0.0
0.0
0.0
0.0
0.0
0.0
0.0
0.0
0.0
0.0
0.0
0.0
0.0
0.0
0.0
0.0
0.0
0.0
0.0
0.0
0.0
0.0
0.0
0.0
0.0
0.0
0.0
0.0
0.0
0.0
0.0
0.0
0.0
0.0
0.0
0.0
0.0
0.0
0.0
0.0
0.0
0.0
0.0
0.0
0.0
0.0
0.0
0.0
0.0
0.0
0.0
0.0
0.0
0.0
0.0
0.0
0.0
0.0
0.0
0.0
0.0
0.0
0.0
0.0
0.0
0.0
0.0
0.0
0.0
0.0
0.0
0.0
0.0
0.0
0.0
0.0
0.0
0.0
0.0
0.0
0.0
0.0
0.0
0.0
0.0
0.0
0.0
0.0
0.0
0.0
0.0
0.0
0.0
0.0
0.0
0.0
0.0
0.0
0.0
0.0
0.0
0.0
0.0
0.0
0.0
0.0
0.0
0.0
0.0
0.0
0.0
0.0
0.0
0.0
0.0
0.0
0.0
0.0
0.0
0.0
0.0
0.0
0.0
0.0
0.0
0.0
0.0
0.0
0.0
0.0
0.0
0.0
0.0
0.0
0.0
0.0
0.0
0.0
0.0
0.0
0.0
0.5285714285714286
2.2153846153846155
0.0
1.2285714285714286
1.2537313432835822
0.0
0.0
0.6666666666666666
0.7205882352941176
1.518987341772152
3.0319148936170217
1.875
0.6617647058823529
0.0
0.6461538461538462
0.6440677966101694
0.0
2.10989010989011
0.0
1.1428571428571428
1.1147540983606556
1.6800000000000002
1.9874999999999998
0.0
0.0
0.5714285714285714
0.5714285714285714
0.6376811594202898
0.5396825396825397
0.6206896551724138
0.559322033898305
1.8571428571428572
2.3908045977011496
0.0
1.7910447761194028
0.5194805194805194
2.095890410958904
2.987012987012987
1.7294117647058822
2.6470588235294117
1.7999999999999998
2.7733333333333334
2.3908045977011496
2.8421052631578947
3.2386363636363633
3.263888888888889
2.535211267605634
2.96875
1.0857142857142856
2.447058823529412
3.2098765432098766
3.74025974025974
2.028169014084507
3.5294117647058822
1.8658536585365852
1.2173913043478262
2.4086021505376345
2.013157894736842
1.8461538461538463
2.7777777777777777
2.3013698630136985
2.4
0.6101694915254238
1.7553191489361701
2.6063829787234045
2.783505154639175
1.8658536585365852
0.0
1.6896551724137931
1.352112676056338
0.6031746031746031
1.8148148148148149
0.5967741935483871
2.5542168674698793
1.9384615384615387
0.5882352941176471
3.417721518987342
2.2528735632183907
2.3684210526315788
3.380281690140845
2.5945945945945947
3.291139240506329
1.8529411764705883
3.131868131868132
2.4927536231884058
2.357894736842105
0.6190476190476191
1.7586206896551722
0.7192982456140351
2.6842105263157894
3.0232558139534884
5.033707865168539
1.7999999999999998
2.1538461538461537
3.333333333333333
0.0
1.2580645161290323
0.6805555555555556
2.871287128712871
2.3555555555555556
2.6153846153846154
1.7200000000000002
1.1764705882352942
1.2835820895522387
2.588235294117647
0.0
0.0
1.25
2.8571428571428568
2.5098039215686274
3.2894736842105265
4.347368421052632
1.2537313432835822
2.888888888888889
2.5824175824175826
0.7313432835820896
0.5294117647058824
0.7384615384615385
1.9124999999999999
2.2439024390243905
3.0120481927710845
1.8805970149253732
0.639344262295082
0.0
3.0
2.588235294117647
3.488372093023256
1.3513513513513513
2.0
0.5142857142857142
1.264367816091954
1.743243243243243
2.5742574257425743
2.839506172839506
2.802197802197802
2.528735632183908
3.4507042253521125
3.0
3.356164383561644
1.5714285714285716
2.161764705882353
0.0
1.2063492063492063
2.684931506849315
1.8305084745762712
3.2926829268292686
1.1466666666666667
4.083333333333334
1.2580645161290323
2.7777777777777777
2.3661971830985915
1.131578947368421
2.2857142857142856
2.752808988764045
2.8000000000000003
1.2307692307692308
3.0392156862745097
1.2173913043478262
1.2702702702702702
1.9852941176470589
0.0
1.8461538461538463
2.24
1.2857142857142858
1.8904109589041096
1.3636363636363635
2.56
1.835294117647059
3.0697674418604652
0.5657894736842105
2.32
1.6800000000000002
3.0405405405405403
0.6461538461538462
1.7999999999999998
0.0
1.7142857142857142
4.135135135135135
3.5999999999999996
0.0
0.0
0.0
0.0
0.0
0.0
0.0
0.0
0.0
0.0
0.0
0.0
0.0
0.0
0.0
0.0
0.0
0.0
0.0
0.0
0.0
0.0
0.0
0.0
0.0
0.0
0.0
0.0
0.0
0.0
2.6842105263157894
2.925531914893617
3.728155339805825
1.2835820895522387
2.760416666666667
2.2588235294117647
1.2
0.0
2.56
2.1538461538461537
0.0
1.1235955056179776
2.5454545454545454
0.0
0.7
1.2432432432432432
2.4415584415584415
1.2727272727272727
3.4588235294117644
1.2580645161290323
1.7586206896551722
1.6666666666666667
2.227272727272727
1.1470588235294117
2.278481012658228
0.6190476190476191
0.0
1.2127659574468086
2.55
0.6176470588235294
2.2790697674418605
2.1739130434782608
2.772277227722772
1.1142857142857143
1.9746835443037973
3.98019801980198
0.0
2.2127659574468086
1.6304347826086956
2.32258064516129
0.7017543859649122
1.3898305084745763
1.325
3.686746987951807
0.7368421052631579
1.792682926829268
1.25
1.1830985915492958
2.0
0.0
2.3132530120481927
3.4565217391304346
3.795918367346939
0.0
3.4210526315789473
3.15
3.4659090909090913
0.0
3.475609756097561
2.13953488372093
2.692307692307692
1.6483516483516485
1.8076923076923075
1.9746835443037973
2.130434782608696
0.65
0.0
0.0
1.6124999999999998
1.4
1.8571428571428572
1.2903225806451613
2.7733333333333334
0.0
0.0
1.3559322033898304
2.9746835443037973
1.5529411764705885
2.864864864864865
1.3333333333333333
0.6875
2.1818181818181817
2.951807228915663
2.6133333333333333
2.357894736842105
1.2727272727272727
0.0
4.518987341772152
3.0113636363636367
2.5714285714285716
2.5714285714285716
2.430379746835443
1.9384615384615387
2.5
2.884615384615384
0.532258064516129
1.2923076923076924
0.5396825396825397
2.3448275862068964
0.5522388059701493
1.943661971830986
1.7076923076923076
2.24
0.532258064516129
3.721518987341772
2.260869565217391
2.08
1.0769230769230769
0.0
2.375
2.5510204081632653
1.7671232876712328
0.6142857142857143
1.0476190476190477
1.2058823529411764
2.9605263157894735
1.7837837837837838
1.6973684210526314
2.804878048780488
1.7142857142857142
0.0
0.0
0.0
0.0
0.0
0.0
0.0
0.0
0.0
0.0
0.0
0.0
0.0
0.0
0.0
0.0
0.0
0.0
0.0
0.0
0.0
0.0
0.0
0.0
0.0
0.0
0.0
0.0
0.0
0.0
0.0
0.0
0.0
0.0
0.0
0.0
0.0
0.0
0.0
0.0
0.0
0.0
0.0
0.0
0.0
0.0
0.0
0.0
0.0
0.0
0.0
0.0
0.0
0.0
0.0
0.0
0.0
0.0
0.0
0.0
3.1578947368421053
2.923076923076923
1.3235294117647058
2.4935064935064934
2.9702970297029703
1.9545454545454546
1.3333333333333333
2.911392405063291
2.0136986301369864
2.3434343434343434
0.5591397849462365
0.6461538461538462
2.4329896907216493
2.8888888888888884
3.5869565217391304
1.3150684931506849
1.6973684210526314
2.967032967032967
1.7200000000000002
1.2571428571428571
1.7083333333333333
1.0833333333333333
1.9342105263157894
0.6363636363636364
2.4
2.55
3.150684931506849
2.2857142857142856
2.1369863013698627
2.765957446808511
0.6724137931034483
1.267605633802817
1.819672131147541
2.4935064935064934
3.0978260869565215
2.4680851063829787
1.8888888888888888
2.481012658227848
0.6206896551724138
1.1025641025641026
3.303370786516854
1.828125
0.734375
1.1724137931034482
1.3125
1.3142857142857143
0.6885245901639344
0.5555555555555556
2.945205479452055
2.610526315789474
3.390804597701149
2.9375
2.3098591549295775
0.5128205128205128
1.457142857142857
0.5454545454545454
3.217821782178218
1.2857142857142858
0.71875
3.4000000000000004
2.4615384615384617
3.141025641025641
2.5714285714285716
1.8461538461538463
1.9285714285714288
2.028169014084507
0.6349206349206349
1.6363636363636362
3.4615384615384612
2.8289473684210527
0.5344827586206896
2.736842105263158
2.4
2.4210526315789473
2.5714285714285716
2.7976190476190474
0.6349206349206349
2.1894736842105265
0.5454545454545454
1.1
1.2058823529411764
0.5538461538461539
1.1830985915492958
2.2941176470588234
1.1044776119402986
1.772727272727273
3.380281690140845
1.8157894736842106
1.9384615384615387
1.1666666666666667
0.0
0.0
0.0
0.0
0.0
0.0
0.0
0.0
0.0
0.0
0.0
0.0
0.0
0.0
0.0
0.0
0.0
0.0
0.0
0.0
0.0
0.0
0.0
0.0
0.0
0.0
0.0
0.0
0.0
0.0
2.802197802197802
2.0149253731343286
1.35
1.9615384615384617
2.419753086419753
1.2839506172839505
1.6046511627906974
3.118811881188119
3.5294117647058827
3.824175824175824
1.2647058823529411
2.3058823529411763
2.632911392405063
2.260869565217391
2.951807228915663
1.1842105263157894
0.0
2.967032967032967
3.333333333333333
1.393939393939394
1.3043478260869565
2.080645161290323
1.6363636363636362
2.4864864864864864
1.1304347826086956
0.6391752577319587
0.0
1.835294117647059
0.6571428571428571
3.6923076923076925
1.5205479452054795
1.0909090909090908
1.63953488372093
1.4153846153846155
2.24
1.2173913043478262
1.1
1.1304347826086956
1.476923076923077
1.625
1.6901408450704225
3.585365853658536
1.178082191780822
1.064516129032258
1.8260869565217392
1.3714285714285714
0.631578947368421
2.2857142857142856
3.4936708860759493
1.3114754098360655
0.6666666666666666
2.4657534246575343
1.6818181818181817
1.6153846153846154
1.2698412698412698
1.7647058823529411
1.2580645161290323
1.2285714285714286
0.6349206349206349
1.6363636363636362
0.0
0.0
0.0
0.0
0.0
0.0
0.0
0.0
0.0
0.0
0.0
0.0
0.0
0.0
0.0
0.0
0.0
0.0
0.0
0.0
0.0
0.0
0.0
0.0
0.0
0.0
0.0
0.0
0.0
0.0
2.3636363636363638
1.2894736842105263
0.0
0.6617647058823529
1.7294117647058822
1.2580645161290323
1.6329113924050633
2.278481012658228
2.0
1.0602409638554218
3.9493670886075947
2.0
2.808988764044944
2.2
1.2533333333333334
2.727272727272727
1.8260869565217392
1.1428571428571428
0.0
0.6666666666666666
2.704225352112676
1.0625
1.9545454545454546
2.704225352112676
1.0294117647058822
1.8904109589041096
0.5573770491803278
1.240506329113924
0.65
2.2857142857142856
0.0
0.0
0.0
0.0
0.0
0.0
0.0
0.0
0.0
0.0
0.0
0.0
0.0
0.0
0.0
0.0
0.0
0.0
0.0
0.0
0.0
0.0
0.0
0.0
0.0
0.0
0.0
0.0
0.0
0.0
0.0
0.0
0.0
0.0
0.0
0.0
0.0
0.0
0.0
0.0
0.0
0.0
0.0
0.0
0.0
0.0
0.0
0.0
0.0
0.0
0.0
0.0
0.0
0.0
0.0
0.0
0.0
0.0
0.0
0.0
1.11864406779661
0.0
2.350515463917526
2.567901234567901
0.0
0.7333333333333333
0.0
1.323076923076923
0.0
2.2162162162162162
1.3513513513513513
0.6101694915254238
2.9891304347826084
0.6941176470588235
2.3333333333333335
1.5789473684210527
2.4578313253012047
0.6481481481481481
1.267605633802817
0.0
0.5679012345679012
0.6883116883116883
0.8225806451612904
0.6417910447761194
0.0
2.130434782608696
3.4210526315789473
0.703125
0.6
1.9054054054054053
0.6212121212121212
2.533333333333333
2.447058823529412
1.7399999999999998
1.34375
0.0
0.6551724137931034
1.9726027397260273
1.5
2.5054945054945055
2.057142857142857
2.3142857142857145
1.15
0.0
1.84375
0.5932203389830508
1.4333333333333333
1.9285714285714288
0.6610169491525424
0.6885245901639344
2.220779220779221
0.5714285714285714
2.4878048780487805
1.9014084507042255
1.6363636363636365
2.083333333333333
2.787878787878788
1.3066666666666666
1.9565217391304348
2.347826086956522
0.0
0.6142857142857143
1.5
0.6774193548387096
1.3043478260869565
2.0250000000000004
2.3636363636363638
0.6721311475409836
1.295774647887324
1.7553191489361701
0.0
1.267605633802817
2.9508196721311477
0.0
1.25
2.5316455696202533
2.220779220779221
0.6956521739130435
0.5925925925925926
3.6494845360824737
1.4
1.3333333333333333
0.6440677966101694
0.0
0.5555555555555556
2.411764705882353
2.109375
0.0
0.0
1.9390243902439024
1.1388888888888888
0.5857142857142857
0.6666666666666666
3.75
1.793103448275862
1.2121212121212122
0.0
2.44
1.9166666666666665
0.0
2.4615384615384617
1.3623188405797102
0.0
0.6461538461538462
0.0
2.3
0.0
0.0
0.7457627118644068
0.0
1.675324675324675
0.0
2.372093023255814
0.0
1.7142857142857142
0.0
0.6617647058823529
0.5571428571428572
0.7
2.0149253731343286
1.2
1.955056179775281
2.602409638554217
1.054945054945055
3.223684210526316
1.7391304347826089
1.709677419354839
1.9342105263157894
2.7222222222222223
1.8375000000000001
2.211764705882353
1.373134328358209
2.909090909090909
1.9565217391304348
2.088607594936709
1.8375000000000001
0.711864406779661
1.2876712328767124
0.6891891891891891
0.6190476190476191
1.875
1.9315068493150687
0.0
0.0
1.9746835443037973
0.0
2.705882352941176
2.7567567567567566
1.2151898734177216
1.3243243243243243
0.7068965517241379
1.3766233766233766
2.1818181818181817
3.160919540229885
1.3333333333333333
2.32967032967033
1.3636363636363635
2.0470588235294116
1.7922077922077921
1.2093023255813953
1.4857142857142858
2.1951219512195124
1.2333333333333334
1.9864864864864864
2.2933333333333334
0.0
1.2564102564102564
1.8247422680412368
0.6923076923076923
2.1951219512195124
0.8103448275862069
1.391304347826087
0.6333333333333333
1.1818181818181819
0.0
0.0
1.134020618556701
1.3164556962025316
1.1470588235294117
2.4615384615384617
0.6612903225806451
0.0
0.589041095890411
0.6323529411764706
0.0
2.241758241758242
17.646775165762506
1.1538461538461537
0.631578947368421
1.8260869565217392
0.0
0.6612903225806451
0.5647058823529412
0.6229508196721312
2.6470588235294117
1.6500000000000001
19.042857142857144
1.303030303030303
0.6103896103896104
0.5423728813559322
1.2394366197183098
0.5384615384615384
0.0
0.547945205479452
0.5645161290322581
0.0
0.6461538461538462
0.0
0.0
0.0
0.0
0.0
0.0
0.0
0.0
0.0
0.0
0.0
0.0
0.0
0.0
0.0
0.0
0.0
0.0
0.0
0.0
0.0
0.0
0.0
0.0
0.0
0.0
0.0
0.0
0.0
0.0
0.0
0.0
0.0
1.2857142857142858
1.34375
1.92
1.11864406779661
1.8125
2.1176470588235294
2.4827586206896552
2.1666666666666665
1.9891304347826084
1.8539325842696628
1.2380952380952381
0.0
1.5333333333333334
1.411764705882353
1.8260869565217392
3.125
0.6153846153846154
0.0
0.0
2.430379746835443
2.4761904761904763
2.419753086419753
1.6027397260273974
2.5789473684210527
1.2923076923076924
2.4705882352941178
0.6862745098039216
0.0
0.0
1.4545454545454546
1.0833333333333333
0.65625
0.0
1.1549295774647887
0.6567164179104478
0.6086956521739131
0.0
0.0
1.7260273972602738
0.6440677966101694
0.0
0.6029411764705882
1.2105263157894737
0.0
0.0
0.5714285714285714
0.0
1.8157894736842106
0.0
2.191780821917808
0.5909090909090909
0.0
0.0
0.6911764705882353
0.0
0.0
0.6612903225806451
0.0
1.175
0.6197183098591549
0.0
0.0
0.0
0.0
0.0
0.0
0.0
0.0
0.0
0.0
0.0
0.0
0.0
0.0
0.0
0.0
0.0
0.0
0.0
0.0
0.0
0.0
0.0
0.0
0.0
0.0
0.0
0.0
0.0
0.0
0.0
0.0
0.0
0.0
0.0
0.0
0.0
0.0
0.0
0.0
0.0
0.0
0.0
0.0
0.0
0.0
0.0
0.0
0.0
0.0
0.0
0.0
0.0
0.0
0.0
0.0
0.0
0.0
0.0
0.0
0.0
0.0
0.0
0.0
0.0
0.0
0.0
0.0
0.0
0.0
0.0
0.0
0.0
0.0
0.0
0.0
0.0
0.0
0.0
0.0
0.0
0.0
0.0
0.0
0.0
0.0
0.0
0.0
0.0
0.0
0.0
0.0
0.0
0.0
0.0
0.0
0.0
0.0
0.0
0.0
0.0
0.0
0.0
0.0
0.0
0.0
0.0
0.0
0.0
0.0
0.0
0.0
0.0
0.0
0.0
0.0
0.0
0.0
0.0
0.0
0.0
0.0
0.0
0.0
0.0
0.0
0.0
0.0
0.0
0.0
0.0
0.0
0.0
0.0
0.0
0.0
0.0
0.0
0.0
0.0
0.0
0.0
0.0
0.0
0.0
0.0
0.0
0.0
0.0
0.0
0.0
0.0
0.0
0.0
0.0
0.0
0.0
0.0
0.0
0.0
0.0
0.0
0.0
0.0
0.0
0.0
0.0
0.0
0.0
0.0
0.0
0.0
0.0
0.0
0.0
0.0
0.0
0.0
0.0
0.0
0.6428571428571429
0.6086956521739131
0.581081081081081
0.5344827586206896
0.7121212121212122
0.6349206349206349
0.0
1.3150684931506849
0.7
0.576271186440678
0.0
0.5972222222222222
0.0
0.7090909090909091
0.7313432835820896
0.0
0.65
0.0
0.0
0.6666666666666666
0.6333333333333333
0.7
0.6461538461538462
0.6190476190476191
0.0
0.6266666666666667
0.6896551724137931
0.6190476190476191
0.5540540540540541
0.6153846153846154
0.0
0.0
0.0
0.0
0.0
0.0
0.0
0.0
0.0
0.0
0.0
0.0
0.0
0.0
0.0
0.0
0.0
0.0
0.0
0.0
0.0
0.0
0.0
0.0
0.0
0.0
0.0
0.0
0.0
0.0
0.0
0.0
0.0
0.0
0.0
0.0
0.0
0.0
0.0
0.0
0.0
0.0
0.0
0.0
0.0
0.0
0.0
0.0
0.0
0.0
0.0
0.0
0.0
0.0
0.0
0.0
0.0
0.0
0.0
0.0
0.0
0.0
0.0
0.0
0.0
0.0
0.0
0.0
0.0
0.0
0.0
0.0
0.0
0.0
0.0
0.0
0.0
0.0
0.0
0.0
0.0
0.0
0.0
0.0
0.0
0.0
0.0
0.0
0.0
0.0
0.0
0.0
0.0
0.0
0.0
0.0
0.0
0.0
0.0
0.0
0.0
0.0
0.0
0.0
0.0
0.0
0.0
0.0
0.0
0.0
0.0
0.0
0.0
0.0
0.0
0.0
0.0
0.0
0.0
0.0
0.625
0.0
0.0
0.0
0.6712328767123288
0.0
0.0
0.618421052631579
0.0
0.0
0.578125
0.6142857142857143
0.0
0.0
0.696969696969697
0.589041095890411
0.0
0.0
0.0
0.6727272727272727
0.6
0.6545454545454545
0.0
0.6176470588235294
0.631578947368421
1.3055555555555556
0.6086956521739131
0.0
0.0
0.0
0.5774647887323944
0.5945945945945946
0.6666666666666666
0.6052631578947368
0.5833333333333334
0.0
0.5714285714285714
0.6428571428571429
0.52
0.6216216216216216
0.5238095238095238
0.0
0.5652173913043478
0.0
0.6388888888888888
0.56
0.5423728813559322
0.53125
0.6052631578947368
0.6307692307692307
0.6612903225806451
0.6307692307692307
0.65
0.6052631578947368
0.6956521739130435
0.6417910447761194
0.625
0.5352112676056338
0.7096774193548387
0.589041095890411
2.549019607843137
2.260869565217391
2.526315789473684
0.0
2.8421052631578947
2.25
1.323076923076923
0.0
2.0149253731343286
2.8947368421052633
1.59375
1.1294117647058823
0.6491228070175439
3.5507246376811596
2.4313725490196076
2.0
1.9124999999999999
4.282352941176471
2.6666666666666665
1.368421052631579
2.52
0.639344262295082
2.3132530120481927
0.7678571428571429
3.5135135135135136
2.216867469879518
2.6842105263157894
2.5454545454545454
1.6800000000000002
2.356164383561644
0.6851851851851852
2.5671641791044775
2.5128205128205128
0.5714285714285714
1.391304347826087
2.4615384615384617
1.1521739130434783
2.6666666666666665
1.2
3.150684931506849
0.6101694915254238
2.6486486486486487
2.447058823529412
2.6133333333333333
2.4646464646464645
1.4328358208955223
2.3076923076923075
2.0149253731343286
2.2857142857142856
1.9846153846153847
0.0
0.6461538461538462
1.2112676056338028
0.6545454545454545
1.9846153846153847
1.1506849315068493
1.6704545454545454
1.2727272727272727
1.6666666666666667
2.6470588235294117
1.2
2.4578313253012047
3.67741935483871
2.2916666666666665
3.586206896551724
1.9117647058823528
2.7027027027027026
1.278688524590164
3.390804597701149
1.0724637681159421
0.0
1.4098360655737705
3.2894736842105265
4.144736842105263
3.8181818181818183
3.2857142857142856
1.8333333333333335
1.9615384615384617
1.8260869565217392
2.2222222222222223
1.25
1.3114754098360655
2.68
1.1219512195121952
2.329113924050633
2.7906976744186047
3.4000000000000004
0.0
3.1666666666666665
2.0
1.4375
0.6533333333333333
1.967741935483871
2.5789473684210527
0.0
2.4657534246575343
2.3132530120481927
4.191780821917808
1.1764705882352942
1.7027027027027026
3.194444444444444
1.1666666666666667
2.25
0.559322033898305
1.278688524590164
2.2153846153846155
0.0
2.0
0.0
2.56
0.6666666666666666
0.0
2.760416666666667
0.0
2.185567010309278
2.4
1.3793103448275863
1.4754098360655739
3.870967741935484
1.2333333333333334
2.263157894736842
2.0
3.072289156626506
3.2926829268292686
2.8
1.8658536585365852
2.0704225352112675
2.3013698630136985
1.164179104477612
1.5
2.833333333333333
1.6896551724137931
1.2727272727272727
0.6615384615384615
2.526315789473684
1.6956521739130435
2.3529411764705883
0.6428571428571429
0.0
3.141025641025641
0.6363636363636364
0.5862068965517241
3.1132075471698113
3.0808080808080804
0.6268656716417911
2.0
1.2903225806451613
2.3092783505154637
1.8970588235294117
0.7285714285714285
1.2266666666666666
1.7468354430379747
2.0
1.734375
3.488372093023256
3.1707317073170733
1.772727272727273
1.2857142857142858
1.9874999999999998
1.0149253731343284
1.2105263157894737
1.6621621621621623
1.6323529411764706
1.1428571428571428
1.1
1.0769230769230769
2.263157894736842
0.65
1.7837837837837838
3.380281690140845
3.5555555555555554
1.2105263157894737
2.191780821917808
0.0
3.310344827586207
0.631578947368421
0.5373134328358209
0.5373134328358209
1.675324675324675
1.2602739726027397
0.0
0.0
0.0
0.0
0.0
0.0
0.0
0.0
0.0
0.0
0.0
0.0
0.0
0.0
0.0
0.0
0.0
0.0
0.0
0.0
0.0
0.0
0.0
0.0
0.0
0.0
0.0
0.0
0.0
0.0
1.2727272727272727
1.225
1.1612903225806452
1.7916666666666665
1.792682926829268
0.6842105263157895
0.5573770491803278
1.3220338983050848
1.9846153846153847
0.0
2.0597014925373136
1.2903225806451613
2.511627906976744
2.56
2.109375
1.7260273972602738
0.6617647058823529
1.135135135135135
0.6
2.6875
1.2195121951219512
1.6829268292682928
0.6607142857142857
3.2727272727272725
1.3333333333333333
1.2857142857142858
0.5238095238095238
1.9565217391304348
2.36734693877551
1.4375
2.24
3.076923076923077
0.8125
2.891566265060241
2.8421052631578947
1.647887323943662
1.8695652173913042
1.9166666666666665
0.0
2.911392405063291
3.7978723404255317
3.0666666666666664
2.123456790123457
2.595744680851064
2.1538461538461537
1.2777777777777777
1.3333333333333333
1.793103448275862
2.4375
2.217821782178218
1.2580645161290323
1.4285714285714286
2.704225352112676
1.121212121212121
0.5344827586206896
1.267605633802817
1.96875
0.6271186440677966
0.6363636363636364
1.2
2.3076923076923075
1.734375
3.5555555555555554
2.7777777777777777
0.5396825396825397
2.2222222222222223
2.3896103896103895
2.3404255319148937
2.4285714285714284
2.142857142857143
0.5454545454545454
1.6973684210526314
3.6372549019607847
1.6800000000000002
1.1549295774647887
2.227272727272727
1.6363636363636362
2.164705882352941
1.1428571428571428
0.5454545454545454
1.6567164179104479
1.0769230769230769
2.884615384615384
1.15625
3.417721518987342
2.1052631578947367
0.0
1.7671232876712328
2.6804123711340204
1.6973684210526314
0.0
0.0
0.0
0.0
0.0
0.0
0.0
0.0
0.0
0.0
0.0
0.0
0.0
0.0
0.0
0.0
0.0
0.0
0.0
0.0
0.0
0.0
0.0
0.0
0.0
0.0
0.0
0.0
0.0
0.0
0.6268656716417911
1.3114754098360655
1.6551724137931034
0.6865671641791045
3.5555555555555554
1.6551724137931034
2.1333333333333333
2.2650602409638556
2.2666666666666666
2.4186046511627906
2.2268041237113403
1.1594202898550725
2.1333333333333333
2.3333333333333335
1.6956521739130435
0.0
1.875
1.027027027027027
2.3703703703703702
3.3552631578947367
1.7205882352941175
2.2941176470588234
2.8289473684210527
1.3333333333333333
1.9090909090909092
1.0909090909090908
1.1
1.8260869565217392
1.8157894736842106
1.9545454545454546
0.0
0.0
0.0
0.0
0.0
0.0
0.0
0.0
0.0
0.0
0.0
0.0
0.0
0.0
0.0
0.0
0.0
0.0
0.0
0.0
0.0
0.0
0.0
0.0
0.0
0.0
0.0
0.0
0.0
0.0
0.0
0.0
0.0
0.0
0.0
0.0
0.0
0.0
0.0
0.0
0.0
0.0
0.0
0.0
0.0
0.0
0.0
0.0
0.0
0.0
0.0
0.0
0.0
0.0
0.0
0.0
0.0
0.0
0.0
0.0
0.0
2.4705882352941178
1.2698412698412698
1.7205882352941175
1.1333333333333333
2.2795698924731185
1.3043478260869565
1.776315789473684
0.7
2.088888888888889
2.0869565217391304
0.0
2.7040816326530615
1.9615384615384617
2.4
1.819672131147541
1.9642857142857144
0.6419753086419753
1.819148936170213
2.057142857142857
3.269230769230769
0.5882352941176471
3.0
4.618556701030927
1.7205882352941175
2.3448275862068964
0.6909090909090909
1.411764705882353
1.9090909090909092
0.6164383561643836
2.7215189873417724
1.323943661971831
1.2682926829268293
3.125
1.178082191780822
1.0769230769230769
0.5217391304347826
1.2285714285714286
1.1147540983606556
1.4153846153846155
1.8805970149253732
2.4788732394366195
2.911392405063291
2.303030303030303
0.6515151515151515
0.5694444444444444
0.6379310344827587
1.5652173913043477
1.7671232876712328
2.5806451612903225
2.24
3.088235294117647
2.6506024096385543
2.090909090909091
1.131578947368421
1.7142857142857142
1.25
1.7999999999999998
1.1304347826086956
1.0571428571428572
0.0
0.0
0.0
0.0
0.0
0.0
0.0
0.0
0.0
0.0
0.0
0.0
0.0
0.0
0.0
0.0
0.0
0.0
0.0
0.0
0.0
0.0
0.0
0.0
0.0
0.0
0.0
0.0
0.0
0.0
0.5454545454545454
1.647887323943662
0.0
2.7848101265822787
1.7999999999999998
1.894736842105263
2.3902439024390243
1.9090909090909092
2.108108108108108
1.2394366197183098
2.4941176470588236
1.7746478873239435
3.956043956043956
1.2
0.6610169491525424
3.548387096774194
2.5185185185185186
0.6666666666666666
1.4285714285714286
0.0
2.231578947368421
0.0
1.1724137931034482
0.6615384615384615
3.2666666666666666
2.2051282051282053
1.25
3.6144578313253017
3.536585365853658
1.1481481481481481
1.164179104477612
2.948717948717949
2.0869565217391304
1.3529411764705883
2.028169014084507
2.2790697674418605
1.734375
2.453333333333333
2.9375
0.6363636363636364
3.333333333333333
1.7755102040816326
1.642857142857143
0.0
4.0
2.6206896551724137
1.7349397590361444
1.8805970149253732
1.36
2.231578947368421
1.1944444444444444
1.1428571428571428
1.2173913043478262
1.2463768115942029
1.7205882352941175
0.6615384615384615
2.15
2.452830188679245
1.7872340425531914
3.8571428571428577
1.12
2.3333333333333335
1.7142857142857142
2.164705882352941
1.21875
1.7205882352941175
1.6666666666666667
1.643835616438356
2.1538461538461537
1.8157894736842106
1.9384615384615387
1.0149253731343284
3.5795454545454546
0.5769230769230769
2.3820224719101124
3.2
3.411764705882353
2.4571428571428573
3.9268292682926833
1.6956521739130435
3.2
3.12
2.24
2.0142857142857142
2.8160919540229883
0.6290322580645161
2.3076923076923075
1.2307692307692308
2.260869565217391
1.7307692307692306
0.0
0.0
0.0
0.0
0.0
0.0
0.0
0.0
0.0
0.0
0.0
0.0
0.0
0.0
0.0
0.0
0.0
0.0
0.0
0.0
0.0
0.0
0.0
0.0
0.0
0.0
0.0
0.0
0.0
0.0
1.2835820895522387
0.5901639344262295
0.6060606060606061
2.3
3.8372093023255816
0.5735294117647058
2.074074074074074
1.8333333333333335
3.6842105263157894
1.6875
2.6470588235294117
1.8805970149253732
2.375
2.4390243902439024
2.9775280898876404
1.0909090909090908
4.051948051948052
1.2923076923076924
2.297872340425532
0.6964285714285714
1.6363636363636362
1.9583333333333335
3.4186046511627906
1.7391304347826089
0.0
1.3333333333333333
0.0
1.2923076923076924
2.8313253012048194
0.6521739130434783
1.7910447761194028
0.5797101449275363
1.3114754098360655
1.353846153846154
1.7746478873239435
1.095890410958904
1.303030303030303
1.1
0.6557377049180327
2.826086956521739
1.5652173913043477
1.5857142857142859
1.6973684210526314
0.0
0.6557377049180327
0.6349206349206349
0.0
2.08
1.1044776119402986
1.5652173913043477
1.1428571428571428
1.2105263157894737
1.1428571428571428
1.25
3.6144578313253017
2.0
1.2
2.247191011235955
2.7222222222222223
1.3114754098360655
0.0
0.0
0.0
0.0
0.0
0.0
0.0
0.0
0.0
0.0
0.0
0.0
0.0
0.0
0.0
0.0
0.0
0.0
0.0
0.0
0.0
0.0
0.0
0.0
0.0
0.0
0.0
0.0
0.0
0.0
1.0909090909090908
1.6956521739130435
0.589041095890411
1.2923076923076924
0.0
1.1428571428571428
0.5573770491803278
3.4027777777777777
1.36
3.125
0.0
1.303030303030303
0.5714285714285714
0.7076923076923077
1.8260869565217392
3.2448979591836737
2.25
1.095890410958904
2.8
1.9285714285714288
2.4210526315789473
1.8904109589041096
2.5185185185185186
2.35
0.578125
2.804878048780488
1.12
1.1304347826086956
1.875
1.1428571428571428
0.0
0.0
0.0
0.0
0.0
0.0
0.0
0.0
0.0
0.0
0.0
0.0
0.0
0.0
0.0
0.0
0.0
0.0
0.0
0.0
0.0
0.0
0.0
0.0
0.0
0.0
0.0
0.0
0.0
0.0
1.7052631578947368
2.216867469879518
3.2432432432432434
0.7368421052631579
2.590909090909091
2.0779220779220777
2.7222222222222223
4.760000000000001
1.3611111111111112
1.7142857142857142
1.3846153846153846
0.6721311475409836
2.0454545454545454
3.125
0.7419354838709677
3.3544303797468356
2.32967032967033
1.1944444444444444
0.6
2.216867469879518
3.5869565217391304
1.7560975609756095
2.787878787878788
2.3209876543209877
2.5128205128205128
1.6969696969696968
0.5441176470588235
3.4459459459459456
1.9253731343283582
0.640625
1.772727272727273
1.15625
1.6027397260273974
1.1147540983606556
1.9342105263157894
1.1428571428571428
0.5970149253731343
1.3636363636363635
0.640625
0.6557377049180327
0.5538461538461539
2.65625
2.6666666666666665
3.2142857142857144
1.0434782608695652
2.8289473684210527
1.6153846153846154
3.108433734939759
2.2222222222222223
2.1538461538461537
2.0999999999999996
2.848101265822785
1.92
0.6557377049180327
2.4615384615384617
1.2923076923076924
1.12
2.802197802197802
3.4186046511627906
2.24
0.0
0.0
0.0
0.0
0.0
0.0
0.0
0.0
0.0
0.0
0.0
0.0
0.0
0.0
0.0
0.0
0.0
0.0
0.0
0.0
0.0
0.0
0.0
0.0
0.0
0.0
0.0
0.0
0.0
0.0
3.141025641025641
1.9545454545454546
0.5185185185185185
1.0434782608695652
0.5185185185185185
2.3703703703703702
1.178082191780822
1.2173913043478262
2.7906976744186047
0.65
0.0
1.1470588235294117
1.240506329113924
0.6341463414634146
1.2923076923076924
2.8000000000000003
0.0
1.0625
1.7307692307692306
2.015625
0.5423728813559322
2.3076923076923075
1.625
1.7910447761194028
2.1772151898734178
1.0434782608695652
1.0909090909090908
0.0
1.2173913043478262
0.5970149253731343
0.0
0.0
0.0
0.0
0.0
0.0
0.0
0.0
0.0
0.0
0.0
0.0
0.0
0.0
0.0
0.0
0.0
0.0
0.0
0.0
0.0
0.0
0.0
0.0
0.0
0.0
0.0
0.0
0.0
0.0
0.0
0.0
0.0
0.0
0.0
0.0
0.0
0.0
0.0
0.0
0.0
0.0
0.0
0.0
0.0
0.0
0.0
0.0
0.0
0.0
0.0
0.0
0.0
0.0
0.0
0.0
0.0
0.0
0.0
0.0
2.5454545454545454
2.0454545454545454
1.7671232876712328
3.0
1.8805970149253732
2.260869565217391
2.5405405405405403
0.6515151515151515
1.8260869565217392
2.5714285714285716
1.0909090909090908
0.6557377049180327
1.6363636363636362
1.373134328358209
0.671875
2.1204819277108435
2.3076923076923075
1.5652173913043477
1.7468354430379747
1.0434782608695652
0.6029411764705882
2.4
1.6956521739130435
1.1666666666666667
1.3333333333333333
1.175
0.7213114754098361
1.734375
1.0476190476190477
1.75
0.0
0.0
0.0
0.0
0.0
0.0
0.0
0.0
0.0
0.0
0.0
0.0
0.0
0.0
0.0
0.0
0.0
0.0
0.0
0.0
0.0
0.0
0.0
0.0
0.0
0.0
0.0
0.0
0.0
0.0
0.0
0.0
0.0
0.0
0.0
0.0
0.0
0.0
0.0
0.0
0.0
0.0
0.0
0.0
0.0
0.0
0.0
0.0
0.0
0.0
0.0
0.0
0.0
0.0
0.0
0.0
0.0
0.0
0.0
0.0
0.0
0.0
0.0
0.0
0.0
0.0
0.0
0.0
0.0
0.0
0.0
0.0
0.0
0.0
0.0
0.0
0.0
0.0
0.0
0.0
0.0
0.0
0.0
0.0
0.0
0.0
0.0
0.0
0.0
0.0
2.329113924050633
2.3333333333333335
2.5
0.0
1.2698412698412698
2.3636363636363638
1.3636363636363635
3.615384615384615
3.116883116883117
0.6515151515151515
1.8260869565217392
1.2
1.0909090909090908
0.5217391304347826
0.6379310344827587
3.058823529411765
2.1538461538461537
2.029850746268657
1.6800000000000002
0.625
1.1851851851851851
1.5789473684210527
2.586206896551724
2.1818181818181817
3.026315789473684
3.2727272727272725
2.6486486486486487
1.1
1.1645569620253164
1.1304347826086956
0.0
0.0
0.0
0.0
0.0
0.0
0.0
0.0
0.0
0.0
0.0
0.0
0.0
0.0
0.0
0.0
0.0
0.0
0.0
0.0
0.0
0.0
0.0
0.0
0.0
0.0
0.0
0.0
0.0
0.0
1.11864406779661
0.0
2.350515463917526
2.567901234567901
0.0
0.7333333333333333
0.0
1.323076923076923
0.0
2.2162162162162162
1.3513513513513513
0.6101694915254238
2.9891304347826084
0.6941176470588235
2.3333333333333335
1.5789473684210527
2.4578313253012047
0.6481481481481481
1.267605633802817
0.0
0.5679012345679012
0.6883116883116883
0.8225806451612904
0.6417910447761194
0.0
2.130434782608696
3.4210526315789473
0.703125
0.6
1.9054054054054053
0.6212121212121212
2.533333333333333
2.447058823529412
1.7399999999999998
1.34375
0.0
0.6551724137931034
1.9726027397260273
1.5
2.5054945054945055
2.057142857142857
2.3142857142857145
1.15
0.0
1.84375
0.5932203389830508
1.4333333333333333
1.9285714285714288
0.6610169491525424
0.6885245901639344
2.220779220779221
0.5714285714285714
2.4878048780487805
1.9014084507042255
1.6363636363636365
2.083333333333333
2.787878787878788
1.3066666666666666
1.9565217391304348
2.347826086956522
0.0
0.6142857142857143
1.5
0.6774193548387096
1.3043478260869565
2.0250000000000004
2.3636363636363638
0.6721311475409836
1.295774647887324
1.7553191489361701
0.0
1.267605633802817
2.9508196721311477
0.0
1.25
2.5316455696202533
2.220779220779221
0.6956521739130435
0.5925925925925926
3.6494845360824737
1.4
1.3333333333333333
0.6440677966101694
0.0
0.5555555555555556
2.411764705882353
2.109375
0.0
0.0
1.9390243902439024
1.1388888888888888
0.5857142857142857
0.6666666666666666
3.75
1.793103448275862
1.2121212121212122
0.0
2.44
1.9166666666666665
0.0
2.4615384615384617
1.3623188405797102
0.0
0.6461538461538462
0.0
2.3
0.0
0.0
0.7457627118644068
0.0
1.675324675324675
0.0
2.372093023255814
0.0
1.7142857142857142
0.0
0.6617647058823529
0.5571428571428572
0.7
2.0149253731343286
1.2
1.955056179775281
2.602409638554217
1.054945054945055
3.223684210526316
1.7391304347826089
1.709677419354839
1.9342105263157894
2.7222222222222223
1.8375000000000001
2.211764705882353
1.373134328358209
2.909090909090909
1.9565217391304348
2.088607594936709
1.8375000000000001
0.711864406779661
1.2876712328767124
0.6891891891891891
0.6190476190476191
1.875
1.9315068493150687
0.0
0.0
1.9746835443037973
0.0
2.705882352941176
2.7567567567567566
1.2151898734177216
1.3243243243243243
0.7068965517241379
1.3766233766233766
2.1818181818181817
3.160919540229885
1.3333333333333333
2.32967032967033
1.3636363636363635
2.0470588235294116
1.7922077922077921
1.2093023255813953
1.4857142857142858
2.1951219512195124
1.2333333333333334
1.9864864864864864
2.2933333333333334
0.0
1.2564102564102564
1.8247422680412368
0.6923076923076923
2.1951219512195124
0.8103448275862069
1.391304347826087
0.6333333333333333
1.1818181818181819
0.0
0.0
1.134020618556701
1.3164556962025316
1.1470588235294117
2.4615384615384617
0.6612903225806451
0.0
0.589041095890411
0.6323529411764706
0.0
2.241758241758242
17.646775165762506
1.1538461538461537
0.631578947368421
1.8260869565217392
0.0
0.6612903225806451
0.5647058823529412
0.6229508196721312
2.6470588235294117
1.6500000000000001
19.042857142857144
1.303030303030303
0.6103896103896104
0.5423728813559322
1.2394366197183098
0.5384615384615384
0.0
0.547945205479452
0.5645161290322581
0.0
0.6461538461538462
0.0
0.0
0.0
0.0
0.0
0.0
0.0
0.0
0.0
0.0
0.0
0.0
0.0
0.0
0.0
0.0
0.0
0.0
0.0
0.0
0.0
0.0
0.0
0.0
0.0
0.0
0.0
0.0
0.0
0.0
0.0
0.0
0.0
1.2857142857142858
1.34375
1.92
1.11864406779661
1.8125
2.1176470588235294
2.4827586206896552
2.1666666666666665
1.9891304347826084
1.8539325842696628
1.2380952380952381
0.0
1.5333333333333334
1.411764705882353
1.8260869565217392
3.125
0.6153846153846154
0.0
0.0
2.430379746835443
2.4761904761904763
2.419753086419753
1.6027397260273974
2.5789473684210527
1.2923076923076924
2.4705882352941178
0.6862745098039216
0.0
0.0
1.4545454545454546
1.0833333333333333
0.65625
0.0
1.1549295774647887
0.6567164179104478
0.6086956521739131
0.0
0.0
1.7260273972602738
0.6440677966101694
0.0
0.6029411764705882
1.2105263157894737
0.0
0.0
0.5714285714285714
0.0
1.8157894736842106
0.0
2.191780821917808
0.5909090909090909
0.0
0.0
0.6911764705882353
0.0
0.0
0.6612903225806451
0.0
1.175
0.6197183098591549
0.0
0.0
0.0
0.0
0.0
0.0
0.0
0.0
0.0
0.0
0.0
0.0
0.0
0.0
0.0
0.0
0.0
0.0
0.0
0.0
0.0
0.0
0.0
0.0
0.0
0.0
0.0
0.0
0.0
0.0
0.0
0.0
0.0
0.0
0.0
0.0
0.0
0.0
0.0
0.0
0.0
0.0
0.0
0.0
0.0
0.0
0.0
0.0
0.0
0.0
0.0
0.0
0.0
0.0
0.0
0.0
0.0
0.0
0.0
0.0
0.0
0.0
0.0
0.0
0.0
0.0
0.0
0.0
0.0
0.0
0.0
0.0
0.0
0.0
0.0
0.0
0.0
0.0
0.0
0.0
0.0
0.0
0.0
0.0
0.0
0.0
0.0
0.0
0.0
0.0
0.0
0.0
0.0
0.0
0.0
0.0
0.0
0.0
0.0
0.0
0.0
0.0
0.0
0.0
0.0
0.0
0.0
0.0
0.0
0.0
0.0
0.0
0.0
0.0
0.0
0.0
0.0
0.0
0.0
0.0
0.0
0.0
0.0
0.0
0.0
0.0
0.0
0.0
0.0
0.0
0.0
0.0
0.0
0.0
0.0
0.0
0.0
0.0
0.0
0.0
0.0
0.0
0.0
0.0
0.0
0.0
0.0
0.0
0.0
0.0
0.0
0.0
0.0
0.0
0.0
0.0
0.0
0.0
0.0
0.0
0.0
0.0
0.0
0.0
0.0
0.0
0.0
0.0
0.0
0.0
0.0
0.0
0.0
0.0
0.0
0.0
0.0
0.0
0.0
0.0
0.6428571428571429
0.6086956521739131
0.581081081081081
0.5344827586206896
0.7121212121212122
0.6349206349206349
0.0
1.3150684931506849
0.7
0.576271186440678
0.0
0.5972222222222222
0.0
0.7090909090909091
0.7313432835820896
0.0
0.65
0.0
0.0
0.6666666666666666
0.6333333333333333
0.7
0.6461538461538462
0.6190476190476191
0.0
0.6266666666666667
0.6896551724137931
0.6190476190476191
0.5540540540540541
0.6153846153846154
0.0
0.0
0.0
0.0
0.0
0.0
0.0
0.0
0.0
0.0
0.0
0.0
0.0
0.0
0.0
0.0
0.0
0.0
0.0
0.0
0.0
0.0
0.0
0.0
0.0
0.0
0.0
0.0
0.0
0.0
0.0
0.0
0.0
0.0
0.0
0.0
0.0
0.0
0.0
0.0
0.0
0.0
0.0
0.0
0.0
0.0
0.0
0.0
0.0
0.0
0.0
0.0
0.0
0.0
0.0
0.0
0.0
0.0
0.0
0.0
0.0
0.0
0.0
0.0
0.0
0.0
0.0
0.0
0.0
0.0
0.0
0.0
0.0
0.0
0.0
0.0
0.0
0.0
0.0
0.0
0.0
0.0
0.0
0.0
0.0
0.0
0.0
0.0
0.0
0.0
0.0
0.0
0.0
0.0
0.0
0.0
0.0
0.0
0.0
0.0
0.0
0.0
0.0
0.0
0.0
0.0
0.0
0.0
0.0
0.0
0.0
0.0
0.0
0.0
0.0
0.0
0.0
0.0
0.0
0.0
0.625
0.0
0.0
0.0
0.6712328767123288
0.0
0.0
0.618421052631579
0.0
0.0
0.578125
0.6142857142857143
0.0
0.0
0.696969696969697
0.589041095890411
0.0
0.0
0.0
0.6727272727272727
0.6
0.6545454545454545
0.0
0.6176470588235294
0.631578947368421
1.3055555555555556
0.6086956521739131
0.0
0.0
0.0
0.5774647887323944
0.5945945945945946
0.6666666666666666
0.6052631578947368
0.5833333333333334
0.0
0.5714285714285714
0.6428571428571429
0.52
0.6216216216216216
0.5238095238095238
0.0
0.5652173913043478
0.0
0.6388888888888888
0.56
0.5423728813559322
0.53125
0.6052631578947368
0.6307692307692307
0.6612903225806451
0.6307692307692307
0.65
0.6052631578947368
0.6956521739130435
0.6417910447761194
0.625
0.5352112676056338
0.7096774193548387
0.589041095890411
2.549019607843137
2.260869565217391
2.526315789473684
0.0
2.8421052631578947
2.25
1.323076923076923
0.0
2.0149253731343286
2.8947368421052633
1.59375
1.1294117647058823
0.6491228070175439
3.5507246376811596
2.4313725490196076
2.0
1.9124999999999999
4.282352941176471
2.6666666666666665
1.368421052631579
2.52
0.639344262295082
2.3132530120481927
0.7678571428571429
3.5135135135135136
2.216867469879518
2.6842105263157894
2.5454545454545454
1.6800000000000002
2.356164383561644
0.6851851851851852
2.5671641791044775
2.5128205128205128
0.5714285714285714
1.391304347826087
2.4615384615384617
1.1521739130434783
2.6666666666666665
1.2
3.150684931506849
0.6101694915254238
2.6486486486486487
2.447058823529412
2.6133333333333333
2.4646464646464645
1.4328358208955223
2.3076923076923075
2.0149253731343286
2.2857142857142856
1.9846153846153847
0.0
0.6461538461538462
1.2112676056338028
0.6545454545454545
1.9846153846153847
1.1506849315068493
1.6704545454545454
1.2727272727272727
1.6666666666666667
2.6470588235294117
1.2
2.4578313253012047
3.67741935483871
2.2916666666666665
3.586206896551724
1.9117647058823528
2.7027027027027026
1.278688524590164
3.390804597701149
1.0724637681159421
0.0
1.4098360655737705
3.2894736842105265
4.144736842105263
3.8181818181818183
3.2857142857142856
1.8333333333333335
1.9615384615384617
1.8260869565217392
2.2222222222222223
1.25
1.3114754098360655
2.68
1.1219512195121952
2.329113924050633
2.7906976744186047
3.4000000000000004
0.0
3.1666666666666665
2.0
1.4375
0.6533333333333333
1.967741935483871
2.5789473684210527
0.0
2.4657534246575343
2.3132530120481927
4.191780821917808
1.1764705882352942
1.7027027027027026
3.194444444444444
1.1666666666666667
2.25
0.559322033898305
1.278688524590164
2.2153846153846155
0.0
2.0
0.0
2.56
0.6666666666666666
0.0
2.760416666666667
0.0
2.185567010309278
2.4
1.3793103448275863
1.4754098360655739
3.870967741935484
1.2333333333333334
2.263157894736842
2.0
3.072289156626506
3.2926829268292686
2.8
1.8658536585365852
2.0704225352112675
2.3013698630136985
1.164179104477612
1.5
2.833333333333333
1.6896551724137931
1.2727272727272727
0.6615384615384615
2.526315789473684
1.6956521739130435
2.3529411764705883
0.6428571428571429
0.0
3.141025641025641
0.6363636363636364
0.5862068965517241
3.1132075471698113
3.0808080808080804
0.6268656716417911
2.0
1.2903225806451613
2.3092783505154637
1.8970588235294117
0.7285714285714285
1.2266666666666666
1.7468354430379747
2.0
1.734375
3.488372093023256
3.1707317073170733
1.772727272727273
1.2857142857142858
1.9874999999999998
1.0149253731343284
1.2105263157894737
1.6621621621621623
1.6323529411764706
1.1428571428571428
1.1
1.0769230769230769
2.263157894736842
0.65
1.7837837837837838
3.380281690140845
3.5555555555555554
1.2105263157894737
2.191780821917808
0.0
3.310344827586207
0.631578947368421
0.5373134328358209
0.5373134328358209
1.675324675324675
1.2602739726027397
0.0
0.0
0.0
0.0
0.0
0.0
0.0
0.0
0.0
0.0
0.0
0.0
0.0
0.0
0.0
0.0
0.0
0.0
0.0
0.0
0.0
0.0
0.0
0.0
0.0
0.0
0.0
0.0
0.0
0.0
1.2727272727272727
1.225
1.1612903225806452
1.7916666666666665
1.792682926829268
0.6842105263157895
0.5573770491803278
1.3220338983050848
1.9846153846153847
0.0
2.0597014925373136
1.2903225806451613
2.511627906976744
2.56
2.109375
1.7260273972602738
0.6617647058823529
1.135135135135135
0.6
2.6875
1.2195121951219512
1.6829268292682928
0.6607142857142857
3.2727272727272725
1.3333333333333333
1.2857142857142858
0.5238095238095238
1.9565217391304348
2.36734693877551
1.4375
2.24
3.076923076923077
0.8125
2.891566265060241
2.8421052631578947
1.647887323943662
1.8695652173913042
1.9166666666666665
0.0
2.911392405063291
3.7978723404255317
3.0666666666666664
2.123456790123457
2.595744680851064
2.1538461538461537
1.2777777777777777
1.3333333333333333
1.793103448275862
2.4375
2.217821782178218
1.2580645161290323
1.4285714285714286
2.704225352112676
1.121212121212121
0.5344827586206896
1.267605633802817
1.96875
0.6271186440677966
0.6363636363636364
1.2
2.3076923076923075
1.734375
3.5555555555555554
2.7777777777777777
0.5396825396825397
2.2222222222222223
2.3896103896103895
2.3404255319148937
2.4285714285714284
2.142857142857143
0.5454545454545454
1.6973684210526314
3.6372549019607847
1.6800000000000002
1.1549295774647887
2.227272727272727
1.6363636363636362
2.164705882352941
1.1428571428571428
0.5454545454545454
1.6567164179104479
1.0769230769230769
2.884615384615384
1.15625
3.417721518987342
2.1052631578947367
0.0
1.7671232876712328
2.6804123711340204
1.6973684210526314
0.0
0.0
0.0
0.0
0.0
0.0
0.0
0.0
0.0
0.0
0.0
0.0
0.0
0.0
0.0
0.0
0.0
0.0
0.0
0.0
0.0
0.0
0.0
0.0
0.0
0.0
0.0
0.0
0.0
0.0
0.6268656716417911
1.3114754098360655
1.6551724137931034
0.6865671641791045
3.5555555555555554
1.6551724137931034
2.1333333333333333
2.2650602409638556
2.2666666666666666
2.4186046511627906
2.2268041237113403
1.1594202898550725
2.1333333333333333
2.3333333333333335
1.6956521739130435
0.0
1.875
1.027027027027027
2.3703703703703702
3.3552631578947367
1.7205882352941175
2.2941176470588234
2.8289473684210527
1.3333333333333333
1.9090909090909092
1.0909090909090908
1.1
1.8260869565217392
1.8157894736842106
1.9545454545454546
0.0
0.0
0.0
0.0
0.0
0.0
0.0
0.0
0.0
0.0
0.0
0.0
0.0
0.0
0.0
0.0
0.0
0.0
0.0
0.0
0.0
0.0
0.0
0.0
0.0
0.0
0.0
0.0
0.0
0.0
0.0
0.0
0.0
0.0
0.0
0.0
0.0
0.0
0.0
0.0
0.0
0.0
0.0
0.0
0.0
0.0
0.0
0.0
0.0
0.0
0.0
0.0
0.0
0.0
0.0
0.0
0.0
0.0
0.0
0.0
0.0
2.4705882352941178
1.2698412698412698
1.7205882352941175
1.1333333333333333
2.2795698924731185
1.3043478260869565
1.776315789473684
0.7
2.088888888888889
2.0869565217391304
0.0
2.7040816326530615
1.9615384615384617
2.4
1.819672131147541
1.9642857142857144
0.6419753086419753
1.819148936170213
2.057142857142857
3.269230769230769
0.5882352941176471
3.0
4.618556701030927
1.7205882352941175
2.3448275862068964
0.6909090909090909
1.411764705882353
1.9090909090909092
0.6164383561643836
2.7215189873417724
1.323943661971831
1.2682926829268293
3.125
1.178082191780822
1.0769230769230769
0.5217391304347826
1.2285714285714286
1.1147540983606556
1.4153846153846155
1.8805970149253732
2.4788732394366195
2.911392405063291
2.303030303030303
0.6515151515151515
0.5694444444444444
0.6379310344827587
1.5652173913043477
1.7671232876712328
2.5806451612903225
2.24
3.088235294117647
2.6506024096385543
2.090909090909091
1.131578947368421
1.7142857142857142
1.25
1.7999999999999998
1.1304347826086956
1.0571428571428572
0.0
0.0
0.0
0.0
0.0
0.0
0.0
0.0
0.0
0.0
0.0
0.0
0.0
0.0
0.0
0.0
0.0
0.0
0.0
0.0
0.0
0.0
0.0
0.0
0.0
0.0
0.0
0.0
0.0
0.0
0.5454545454545454
1.647887323943662
0.0
2.7848101265822787
1.7999999999999998
1.894736842105263
2.3902439024390243
1.9090909090909092
2.108108108108108
1.2394366197183098
2.4941176470588236
1.7746478873239435
3.956043956043956
1.2
0.6610169491525424
3.548387096774194
2.5185185185185186
0.6666666666666666
1.4285714285714286
0.0
2.231578947368421
0.0
1.1724137931034482
0.6615384615384615
3.2666666666666666
2.2051282051282053
1.25
3.6144578313253017
3.536585365853658
1.1481481481481481
1.164179104477612
2.948717948717949
2.0869565217391304
1.3529411764705883
2.028169014084507
2.2790697674418605
1.734375
2.453333333333333
2.9375
0.6363636363636364
3.333333333333333
1.7755102040816326
1.642857142857143
0.0
4.0
2.6206896551724137
1.7349397590361444
1.8805970149253732
1.36
2.231578947368421
1.1944444444444444
1.1428571428571428
1.2173913043478262
1.2463768115942029
1.7205882352941175
0.6615384615384615
2.15
2.452830188679245
1.7872340425531914
3.8571428571428577
1.12
2.3333333333333335
1.7142857142857142
2.164705882352941
1.21875
1.7205882352941175
1.6666666666666667
1.643835616438356
2.1538461538461537
1.8157894736842106
1.9384615384615387
1.0149253731343284
3.5795454545454546
0.5769230769230769
2.3820224719101124
3.2
3.411764705882353
2.4571428571428573
3.9268292682926833
1.6956521739130435
3.2
3.12
2.24
2.0142857142857142
2.8160919540229883
0.6290322580645161
2.3076923076923075
1.2307692307692308
2.260869565217391
1.7307692307692306
0.0
0.0
0.0
0.0
0.0
0.0
0.0
0.0
0.0
0.0
0.0
0.0
0.0
0.0
0.0
0.0
0.0
0.0
0.0
0.0
0.0
0.0
0.0
0.0
0.0
0.0
0.0
0.0
0.0
0.0
1.2835820895522387
0.5901639344262295
0.6060606060606061
2.3
3.8372093023255816
0.5735294117647058
2.074074074074074
1.8333333333333335
3.6842105263157894
1.6875
2.6470588235294117
1.8805970149253732
2.375
2.4390243902439024
2.9775280898876404
1.0909090909090908
4.051948051948052
1.2923076923076924
2.297872340425532
0.6964285714285714
1.6363636363636362
1.9583333333333335
3.4186046511627906
1.7391304347826089
0.0
1.3333333333333333
0.0
1.2923076923076924
2.8313253012048194
0.6521739130434783
1.7910447761194028
0.5797101449275363
1.3114754098360655
1.353846153846154
1.7746478873239435
1.095890410958904
1.303030303030303
1.1
0.6557377049180327
2.826086956521739
1.5652173913043477
1.5857142857142859
1.6973684210526314
0.0
0.6557377049180327
0.6349206349206349
0.0
2.08
1.1044776119402986
1.5652173913043477
1.1428571428571428
1.2105263157894737
1.1428571428571428
1.25
3.6144578313253017
2.0
1.2
2.247191011235955
2.7222222222222223
1.3114754098360655
0.0
0.0
0.0
0.0
0.0
0.0
0.0
0.0
0.0
0.0
0.0
0.0
0.0
0.0
0.0
0.0
0.0
0.0
0.0
0.0
0.0
0.0
0.0
0.0
0.0
0.0
0.0
0.0
0.0
0.0
1.0909090909090908
1.6956521739130435
0.589041095890411
1.2923076923076924
0.0
1.1428571428571428
0.5573770491803278
3.4027777777777777
1.36
3.125
0.0
1.303030303030303
0.5714285714285714
0.7076923076923077
1.8260869565217392
3.2448979591836737
2.25
1.095890410958904
2.8
1.9285714285714288
2.4210526315789473
1.8904109589041096
2.5185185185185186
2.35
0.578125
2.804878048780488
1.12
1.1304347826086956
1.875
1.1428571428571428
0.0
0.0
0.0
0.0
0.0
0.0
0.0
0.0
0.0
0.0
0.0
0.0
0.0
0.0
0.0
0.0
0.0
0.0
0.0
0.0
0.0
0.0
0.0
0.0
0.0
0.0
0.0
0.0
0.0
0.0
1.7052631578947368
2.216867469879518
3.2432432432432434
0.7368421052631579
2.590909090909091
2.0779220779220777
2.7222222222222223
4.760000000000001
1.3611111111111112
1.7142857142857142
1.3846153846153846
0.6721311475409836
2.0454545454545454
3.125
0.7419354838709677
3.3544303797468356
2.32967032967033
1.1944444444444444
0.6
2.216867469879518
3.5869565217391304
1.7560975609756095
2.787878787878788
2.3209876543209877
2.5128205128205128
1.6969696969696968
0.5441176470588235
3.4459459459459456
1.9253731343283582
0.640625
1.772727272727273
1.15625
1.6027397260273974
1.1147540983606556
1.9342105263157894
1.1428571428571428
0.5970149253731343
1.3636363636363635
0.640625
0.6557377049180327
0.5538461538461539
2.65625
2.6666666666666665
3.2142857142857144
1.0434782608695652
2.8289473684210527
1.6153846153846154
3.108433734939759
2.2222222222222223
2.1538461538461537
2.0999999999999996
2.848101265822785
1.92
0.6557377049180327
2.4615384615384617
1.2923076923076924
1.12
2.802197802197802
3.4186046511627906
2.24
0.0
0.0
0.0
0.0
0.0
0.0
0.0
0.0
0.0
0.0
0.0
0.0
0.0
0.0
0.0
0.0
0.0
0.0
0.0
0.0
0.0
0.0
0.0
0.0
0.0
0.0
0.0
0.0
0.0
0.0
3.141025641025641
1.9545454545454546
0.5185185185185185
1.0434782608695652
0.5185185185185185
2.3703703703703702
1.178082191780822
1.2173913043478262
2.7906976744186047
0.65
0.0
1.1470588235294117
1.240506329113924
0.6341463414634146
1.2923076923076924
2.8000000000000003
0.0
1.0625
1.7307692307692306
2.015625
0.5423728813559322
2.3076923076923075
1.625
1.7910447761194028
2.1772151898734178
1.0434782608695652
1.0909090909090908
0.0
1.2173913043478262
0.5970149253731343
0.0
0.0
0.0
0.0
0.0
0.0
0.0
0.0
0.0
0.0
0.0
0.0
0.0
0.0
0.0
0.0
0.0
0.0
0.0
0.0
0.0
0.0
0.0
0.0
0.0
0.0
0.0
0.0
0.0
0.0
0.0
0.0
0.0
0.0
0.0
0.0
0.0
0.0
0.0
0.0
0.0
0.0
0.0
0.0
0.0
0.0
0.0
0.0
0.0
0.0
0.0
0.0
0.0
0.0
0.0
0.0
0.0
0.0
0.0
0.0
2.5454545454545454
2.0454545454545454
1.7671232876712328
3.0
1.8805970149253732
2.260869565217391
2.5405405405405403
0.6515151515151515
1.8260869565217392
2.5714285714285716
1.0909090909090908
0.6557377049180327
1.6363636363636362
1.373134328358209
0.671875
2.1204819277108435
2.3076923076923075
1.5652173913043477
1.7468354430379747
1.0434782608695652
0.6029411764705882
2.4
1.6956521739130435
1.1666666666666667
1.3333333333333333
1.175
0.7213114754098361
1.734375
1.0476190476190477
1.75
0.0
0.0
0.0
0.0
0.0
0.0
0.0
0.0
0.0
0.0
0.0
0.0
0.0
0.0
0.0
0.0
0.0
0.0
0.0
0.0
0.0
0.0
0.0
0.0
0.0
0.0
0.0
0.0
0.0
0.0
0.0
0.0
0.0
0.0
0.0
0.0
0.0
0.0
0.0
0.0
0.0
0.0
0.0
0.0
0.0
0.0
0.0
0.0
0.0
0.0
0.0
0.0
0.0
0.0
0.0
0.0
0.0
0.0
0.0
0.0
0.0
0.0
0.0
0.0
0.0
0.0
0.0
0.0
0.0
0.0
0.0
0.0
0.0
0.0
0.0
0.0
0.0
0.0
0.0
0.0
0.0
0.0
0.0
0.0
0.0
0.0
0.0
0.0
0.0
0.0
2.329113924050633
2.3333333333333335
2.5
0.0
1.2698412698412698
2.3636363636363638
1.3636363636363635
3.615384615384615
3.116883116883117
0.6515151515151515
1.8260869565217392
1.2
1.0909090909090908
0.5217391304347826
0.6379310344827587
3.058823529411765
2.1538461538461537
2.029850746268657
1.6800000000000002
0.625
1.1851851851851851
1.5789473684210527
2.586206896551724
2.1818181818181817
3.026315789473684
3.2727272727272725
2.6486486486486487
1.1
1.1645569620253164
1.1304347826086956
0.0
0.0
0.0
0.0
0.0
0.0
0.0
0.0
0.0
0.0
0.0
0.0
0.0
0.0
0.0
0.0
0.0
0.0
0.0
0.0
0.0
0.0
0.0
0.0
0.0
0.0
0.0
0.0
0.0
0.0
1.2
1.7910447761194028
14.599099099099098
1.7999999999999998
0.0
0.0
13.636485580147552
9.913333333333334
0.0
1.04
0.5217391304347826
0.0
0.6142857142857143
2.588235294117647
0.65
3.0
0.676923076923077
0.0
0.5185185185185185
2.142857142857143
1.0
0.676923076923077
2.3384615384615386
2.3076923076923075
0.5373134328358209
1.8260869565217392
0.0
1.6071428571428572
0.5945945945945946
0.532258064516129
0.0
0.0
0.0
0.0
0.0
0.0
0.0
0.0
0.0
0.0
0.0
0.0
0.6428571428571429
0.0
0.0
0.0
0.0
0.0
0.0
0.0
0.0
0.0
0.0
0.0
0.0
0.0
0.0
0.0
0.0
0.0
0.0
0.0
0.0
0.0
0.0
0.0
0.0
0.0
0.0
0.0
0.0
0.0
0.0
0.0
0.0
0.0
0.0
0.0
0.0
0.0
0.0
0.0
0.6582278481012658
0.0
0.65625
0.0
0.0
0.0
0.0
0.0
0.0
0.0
0.0
0.0
0.0
0.0
0.0
0.0
0.0
0.0
0.0
0.0
0.0
0.0
0.0
0.0
0.0
0.0
0.0
0.0
0.0
0.0
0.0
0.0
0.0
0.0
0.0
0.0
0.0
0.0
0.0
0.0
0.0
0.0
0.0
0.0
0.0
0.0
0.0
0.0
0.0
0.0
0.0
0.0
0.0
0.0
0.0
0.0
0.0
0.0
0.0
0.0
0.0
0.0
0.0
0.0
0.0
0.0
0.0
0.0
3.4166666666666665
3.793103448275862
2.4096385542168677
3.183673469387755
3.108108108108108
0.6086956521739131
1.8333333333333335
0.6333333333333333
3.333333333333333
1.860759493670886
2.0704225352112675
1.5
0.7142857142857143
0.6842105263157895
1.565217391304348
2.6991150442477876
3.302752293577982
0.0
3.311688311688312
0.6428571428571429
2.6666666666666665
2.4
2.0
3.0714285714285716
0.0
3.3658536585365857
3.333333333333333
2.5945945945945947
3.1707317073170733
1.393939393939394
0.6491228070175439
3.333333333333333
2.8125
1.7093023255813953
2.6470588235294117
0.639344262295082
2.0655737704918034
2.358974358974359
3.010752688172043
3.3796296296296298
1.0724637681159421
3.9000000000000004
1.9166666666666665
1.9230769230769234
2.3466666666666667
2.409090909090909
2.3902439024390243
0.639344262295082
1.0819672131147542
0.6885245901639344
1.9384615384615387
2.5753424657534247
1.8695652173913042
0.0
1.2777777777777777
1.4
2.8773584905660377
2.7840909090909087
3.525641025641026
1.741935483870968
0.0
1.1428571428571428
0.0
0.0
1.28125
11.475409836065573
0.0
0.6290322580645161
0.0
0.0
11.378531073446325
0.5846153846153846
1.1538461538461537
15.454545454545453
0.0
0.6440677966101694
0.6567164179104478
0.0
1.175
0.6029411764705882
0.6290322580645161
0.0
0.6440677966101694
1.2758620689655173
0.5652173913043478
0.0
1.5789473684210527
1.0526315789473684
0.56
12.14089068825911
0.6212121212121212
1.2580645161290323
0.6351351351351351
2.2962962962962963
1.8260869565217392
2.56
3.0
0.0
1.1044776119402986
0.640625
0.0
0.640625
3.3084112149532707
1.6578947368421053
1.2424242424242424
2.356164383561644
2.8289473684210527
1.1111111111111112
1.1818181818181819
1.4153846153846155
1.875
2.1153846153846154
0.5970149253731343
0.671875
0.6515151515151515
1.860759493670886
1.0704225352112675
2.6301369863013697
1.0769230769230769
1.7307692307692306
0.0
0.5818181818181818
1.6818181818181817
2.535211267605634
1.772727272727273
0.5172413793103449
2.216867469879518
1.2923076923076924
2.0655737704918034
2.4
2.2941176470588234
1.2835820895522387
2.278481012658228
3.2432432432432434
1.1785714285714286
1.945945945945946
3.125
0.0
2.4878048780487805
1.59375
0.0
2.5
0.8727272727272727
3.31578947368421
1.0857142857142856
1.7692307692307692
1.5454545454545454
2.5585585585585586
2.4615384615384617
3.789473684210526
1.741935483870968
1.9285714285714288
1.3333333333333333
1.2
0.576271186440678
0.0
0.5526315789473685
3.2051282051282053
2.27027027027027
1.0823529411764705
1.323076923076923
0.0
0.559322033898305
0.0
1.135135135135135
2.526315789473684
1.323076923076923
2.535211267605634
1.1666666666666667
2.5714285714285716
3.2
3.0
1.5697674418604652
4.434782608695652
2.696629213483146
0.0
1.8461538461538463
3.090909090909091
2.2285714285714286
1.776315789473684
3.4615384615384612
2.453333333333333
2.1999999999999997
2.3703703703703702
0.5373134328358209
1.6875
0.6545454545454545
0.6865671641791045
1.7472527472527473
4.830188679245283
2.6301369863013697
2.0454545454545454
1.2285714285714286
2.419753086419753
0.7
0.0
0.0
0.0
0.7
1.1944444444444444
3.116883116883117
1.7205882352941175
1.2876712328767124
2.2448979591836733
1.651685393258427
1.1604938271604939
0.5294117647058824
3.3333333333333335
1.278688524590164
2.4
2.9126213592233006
1.05
2.4
2.260869565217391
1.1830985915492958
2.6222222222222222
1.00990099009901
2.5205479452054793
2.272727272727273
3.1603773584905657
1.135135135135135
2.4444444444444446
0.5538461538461539
3.721518987341772
0.7368421052631579
2.911392405063291
1.1470588235294117
2.329113924050633
2.4000000000000004
2.3043478260869565
1.1304347826086956
1.3611111111111112
2.7848101265822787
0.6290322580645161
1.125
2.6842105263157894
2.3376623376623376
1.9545454545454546
2.625
0.6101694915254238
